0,0,0,0,0,0,0,0,0,0,0,0,0,0,0,0,0,0,0,0,0,0,0,0,0,0,0,0,0,0,0,0,0,0,0,0,0,0,0,0,0,0,0,0,0,0,0,0,0,0,0,0,0,0,0,0,0,0,0,0,0,0,0,0,0,0,0,0,0,0,0,0,0,0,0,0,0,0,0,0,0,0,0,0,0,0,0,0,0,0,0,0,0,0,0,0,0,0,0,0,0,0,0,0,0,0,0,0,0,0,0,0,0,0,0,0,0,0,0,0,0,0,0,0,0,0,0,0,0,0,0,0,0,0,0,0,0,0,0,0,0,0,0,0,0,0,0,0,0,0,0,0,0,0,0,0,0,0,0,0,0,0,0,0,0,0,0,0,0,0,0,0,0,0,0,0,0,0,0,0,0,0,0,0,0,0,0,0,0,0,0,0,0,0,0,0,0,0,0,0,0,0,0,0,0,0,0,0,0,0,0,0,0,0,0,0,0,0,0,0,0,0,0,0,0,0,0,0,0,0,0,0,0,0,0,0,0,0,0,0,0,0,0,0,0,0,0,0,0,0,0,0,0,0,0,0,0,0,0,0,0,0,0,0,0,0,0,0,0,0,0,0,0,0,0,0,0,0,0,0,0,0,0,0,0,0,0,0,0,0,0,0,0,0,0,0,0,0,0,0,0,0,0,0,0,0,0,0,0,0,0,0,0,0,0,0,0,0,0,0,0,0,0,0,0,0,0,0,0,0,0,0,0,0,0,0,0,0,0,0,0,0,0,0,0,0,0,0,0,0,0,0,0,0,0,0,0,0,0,0,0,0,0,0,0,0,0,0,0,0
0,0,0,0,0,0,0,0,0,0,0,0,0,0,0,0,0,0,0,0,0,0,0,0,0,0,0,0,0,0,0,0,0,0,0,0,0,0,0,0,0,0,0,0,0,0,0,0,0,0,0,0,0,0,0,0,0,0,0,0,0,0,0,0,0,0,0,0,0,0,0,0,0,0,0,0,0,0,0,0,0,0,0,0,0,0,0,0,0,0,0,0,0,0,0,0,0,0,0,0,0,0,0,0,0,0,0,0,0,0,0,0,0,0,0,0,0,0,0,0,0,0,0,0,0,0,0,0,0,0,0,0,0,0,0,0,0,0,0,0,0,0,0,0,0,0,0,0,0,0,0,0,0,0,0,0,0,0,0,0,0,0,0,0,0,0,0,0,0,0,0,0,0,0,0,0,0,0,0,0,0,0,0,0,0,0,0,0,0,0,0,0,0,0,0,0,0,0,0,0,0,0,0,0,0,0,0,0,0,0,0,0,0,0,0,0,0,0,0,0,0,0,0,0,0,0,0,0,0,0,0,0,0,0,0,0,0,0,0,0,0,0,0,0,0,0,0,0,0,0,0,0,0,0,0,0,0,0,0,0,0,0,0,0,0,0,0,0,0,0,0,0,0,0,0,0,0,0,0,0,0,0,0,0,0,0,0,0,0,0,0,0,0,0,0,0,0,0,0,0,0,0,0,0,0,0,0,0,0,0,0,0,0,0,0,0,0,0,0,0,0,0,0,0,0,0,0,0,0,0,0,0,0,0,0,0,0,0,0,0,0,0,0,0,0,0,0,0,0,0,0,0,0,0,0,0,0,0,0,0,0,0,0,0,0,0,0,0,0,0
0,0,0,0,0,0,0,0,0,0,0,0,0,0,0,0,0,0,0,0,0,0,0,0,0,0,0,0,0,0,0,0,0,0,0,0,0,0,0,0,0,0,0,0,0,0,0,0,0,0,0,0,0,0,0,0,0,0,0,0,0,0,0,0,0,0,0,0,0,0,0,0,0,0,0,0,0,0,0,0,0,0,0,0,0,0,0,0,0,0,0,0,0,0,0,0,0,0,0,0,0,0,0,0,0,0,0,0,0,0,0,0,0,0,0,0,0,0,0,0,0,0,0,0,0,0,0,0,0,0,0,0,0,0,0,0,0,0,0,0,0,0,0,0,0,0,0,0,0,0,0,0,0,0,0,0,0,0,0,0,0,0,0,0,0,0,0,0,0,0,0,0,0,0,0,0,0,0,0,0,0,0,0,0,0,0,0,0,0,0,0,0,0,0,0,0,0,0,0,0,0,0,0,0,0,0,0,0,0,0,0,0,0,0,0,0,0,0,0,0,0,0,0,0,0,0,0,0,0,0,0,0,0,0,0,0,0,0,0,0,0,0,0,0,0,0,0,0,0,0,0,0,0,0,0,0,0,0,0,0,0,0,0,0,0,0,0,0,0,0,0,0,0,0,0,0,0,0,0,0,0,0,0,0,0,0,0,0,0,0,0,0,0,0,0,0,0,0,0,0,0,0,0,0,0,0,0,0,0,0,0,0,0,0,0,0,0,0,0,0,0,0,0,0,0,0,0,0,0,0,0,0,0,0,0,0,0,0,0,0,0,0,0,0,0,0,0,0,0,0,0,0,0,0,0,0,0,0,0,0,0,0,0,0,0,0,0,0,0,0
0,0,0,0,0,0,0,0,0,0,0,0,0,0,0,0,0,0,0,0,0,0,0,0,0,0,0,0,0,0,0,0,0,0,0,0,0,0,0,0,0,0,0,0,0,0,0,0,0,0,0,0,0,0,0,0,0,0,0,0,0,0,0,0,0,0,0,0,0,0,0,0,0,0,0,0,0,0,0,0,0,0,0,0,0,0,0,0,0,0,0,0,0,0,0,0,0,0,0,0,0,0,0,0,0,0,0,0,0,0,0,0,0,0,0,0,0,0,0,0,0,0,0,0,0,0,0,0,0,0,0,0,0,0,0,0,0,0,0,0,0,0,0,0,0,0,0,0,0,0,0,0,0,0,0,0,0,0,0,0,0,0,0,0,0,0,0,0,0,0,0,0,0,0,0,0,0,0,0,0,0,0,0,0,0,0,0,0,0,0,0,0,0,0,0,0,0,0,0,0,0,0,0,0,0,0,0,0,0,0,0,0,0,0,0,0,0,0,0,0,0,0,0,0,0,0,0,0,0,0,0,0,0,0,0,0,0,0,0,0,0,0,0,0,0,0,0,0,0,0,0,0,0,0,0,0,0,0,0,0,0,0,0,0,0,0,0,0,0,0,0,0,0,0,0,0,0,0,0,0,0,0,0,0,0,0,0,0,0,0,0,0,0,0,0,0,0,0,0,0,0,0,0,0,0,0,0,0,0,0,0,0,0,0,0,0,0,0,0,0,0,0,0,0,0,0,0,0,0,0,0,0,0,0,0,0,0,0,0,0,0,0,0,0,0,0,0,0,0,0,0,0,0,0,0,0,0,0,0,0,0,0,0,0,0,0,0,0,0,0
0,0,0,0,0,0,0,0,0,0,0,0,0,0,0,0,0,0,0,0,0,0,0,0,0,0,0,0,0,0,0,0,0,0,0,0,0,0,0,0,0,0,0,0,0,0,0,0,0,0,0,0,0,0,0,0,0,0,0,0,0,0,0,0,0,0,0,0,0,0,0,0,0,0,0,0,0,0,0,0,0,0,0,0,0,0,0,0,0,0,0,0,0,0,0,0,0,0,0,0,0,0,0,0,0,0,0,0,0,0,0,0,0,0,0,0,0,0,0,0,0,0,0,0,0,0,0,0,0,0,0,0,0,0,0,0,0,0,0,0,0,0,0,0,0,0,0,0,0,0,0,0,0,0,0,0,0,0,0,0,0,0,0,0,0,0,0,0,0,0,0,0,0,0,0,0,0,0,0,0,0,0,0,0,0,0,0,0,0,0,0,0,0,0,0,0,0,0,0,0,0,0,0,0,0,0,0,0,0,0,0,0,0,0,0,0,0,0,0,0,0,0,0,0,0,0,0,0,0,0,0,0,0,0,0,0,0,0,0,0,0,0,0,0,0,0,0,0,0,0,0,0,0,0,0,0,0,0,0,0,0,0,0,0,0,0,0,0,0,0,0,0,0,0,0,0,0,0,0,0,0,0,0,0,0,0,0,0,0,0,0,0,0,0,0,0,0,0,0,0,0,0,0,0,0,0,0,0,0,0,0,0,0,0,0,0,0,0,0,0,0,0,0,0,0,0,0,0,0,0,0,0,0,0,0,0,0,0,0,0,0,0,0,0,0,0,0,0,0,0,0,0,0,0,0,0,0,0,0,0,0,0,0,0,0,0,0,0,0,0
0,0,0,0,0,0,0,0,0,0,0,0,0,0,0,0,0,0,0,0,0,0,0,0,0,0,0,0,0,0,0,0,0,0,0,0,0,0,0,0,0,0,0,0,0,0,0,0,0,0,0,0,0,0,0,0,0,0,0,0,0,0,0,0,0,0,0,0,0,0,0,0,0,0,0,0,0,0,0,0,0,0,0,0,0,0,0,0,0,0,0,0,0,0,0,0,0,0,0,0,0,0,0,0,0,0,0,0,0,0,0,0,0,0,0,0,0,0,0,0,0,0,0,0,0,0,0,0,0,0,0,0,0,158,155,153,151,0,0,0,0,0,0,0,0,0,0,0,0,0,0,0,0,0,0,0,0,0,0,0,0,0,0,0,0,0,0,0,0,0,0,0,0,0,0,0,0,0,0,0,0,0,0,0,0,0,0,0,0,0,0,0,0,0,0,0,0,0,0,0,0,0,0,0,0,0,0,0,0,0,0,0,0,0,0,0,0,0,0,0,0,0,0,0,0,0,0,0,0,0,0,0,0,0,0,0,0,0,0,0,0,0,0,0,0,0,0,0,0,0,0,0,0,0,0,0,0,0,0,0,0,0,0,0,0,0,0,0,0,0,0,0,0,0,0,0,0,0,0,0,0,0,0,0,0,0,0,0,0,0,0,0,0,0,0,0,0,0,0,0,0,0,0,0,0,0,0,0,0,0,0,0,0,0,0,0,0,0,0,0,0,0,0,0,0,0,0,0,0,0,0,0,0,0,0,0,0,0,0,0,0,0,0,0,0,0,0,0,0,0,0,0,0,0,0,0,0,0,0,0,0,0,0,0,0,0,0,0,0,0
0,0,0,0,0,0,0,0,0,0,0,0,0,0,0,0,0,0,0,0,0,0,0,0,0,0,0,0,0,0,0,0,0,0,0,0,0,0,0,0,0,0,0,0,0,0,0,0,0,0,0,0,0,0,0,0,0,0,0,0,0,0,0,0,0,0,0,0,0,0,0,0,0,0,0,0,0,0,0,0,0,0,0,0,0,0,0,0,0,0,0,0,0,0,0,0,0,0,0,0,0,0,0,0,0,0,0,0,0,0,0,0,0,0,0,0,0,0,0,0,0,0,0,0,0,0,0,151,155,160,162,166,166,168,166,166,164,162,160,155,151,0,0,0,0,0,0,0,0,0,0,0,0,0,0,0,0,0,0,0,0,0,0,0,0,0,0,0,0,0,0,0,0,0,0,0,0,0,0,0,0,0,0,0,0,0,0,0,0,0,0,0,0,0,0,0,0,0,0,0,0,0,0,0,0,0,0,0,0,0,0,0,0,0,0,0,0,0,0,0,0,0,0,0,0,0,0,0,0,0,0,0,0,0,0,0,0,0,0,0,0,0,0,0,0,0,0,0,0,0,0,0,0,0,0,0,0,0,0,0,0,0,0,0,0,0,0,0,0,0,0,0,0,0,0,0,0,0,0,0,0,0,0,0,0,0,0,0,0,0,0,0,0,0,0,0,0,0,0,0,0,0,0,0,0,0,0,0,0,0,0,0,0,0,0,0,0,0,0,0,0,0,0,0,0,0,0,0,0,0,0,0,0,0,0,0,0,0,0,0,0,0,0,0,0,0,0,0,0,0,0,0,0,0,0,0,0,0,0,0,0,0,0,0,0,0,0,0,0,0
0,0,0,0,0,0,0,0,0,0,0,0,0,0,0,0,0,0,0,0,0,0,0,0,0,0,0,0,0,0,0,0,0,0,0,0,0,0,0,0,0,0,0,0,0,0,0,0,0,0,0,0,0,0,0,0,0,0,0,0,0,0,0,0,0,0,0,0,0,0,0,0,0,0,0,0,0,0,0,0,0,0,0,0,0,0,0,0,0,0,0,0,0,0,0,0,0,0,0,0,0,0,0,0,0,0,0,0,0,0,0,0,0,0,0,0,0,0,0,0,0,0,0,0,0,164,170,176,176,178,176,176,176,178,178,178,176,176,174,174,170,166,158,149,0,0,0,0,0,0,0,0,0,0,0,0,0,145,147,149,147,147,0,0,0,0,0,0,0,0,0,0,0,0,0,0,0,0,0,0,0,0,0,0,0,0,0,0,0,0,0,0,0,0,0,0,0,0,0,0,0,0,0,0,0,0,0,0,0,0,0,0,0,0,0,0,0,0,0,0,0,0,0,0,0,0,0,0,0,0,0,0,0,0,0,0,0,0,0,0,0,0,0,0,0,0,0,0,0,0,0,0,0,0,0,0,0,0,0,0,0,0,0,0,0,0,0,0,0,0,0,0,0,0,0,0,0,0,0,0,0,0,0,0,0,0,0,0,0,0,0,0,0,0,0,0,0,0,0,0,0,0,0,0,0,0,0,0,0,0,0,0,0,0,0,0,0,0,0,0,0,0,0,0,0,0,0,0,0,0,0,0,0,0,0,0,0,0,0,0,0,0,0,0,0,0,0,0,0,0,0,0,0,0,0,0,0,0,0,0,0,0,0,0,0,0,0,0,0,0
0,0,0,0,0,0,0,0,0,0,0,0,0,0,0,0,0,0,0,0,0,0,0,0,0,0,0,0,0,0,0,0,0,0,0,0,0,0,0,0,0,0,0,0,0,0,0,0,0,0,0,0,0,0,0,0,0,0,0,0,0,0,0,0,0,0,0,0,0,0,0,0,0,0,0,0,0,0,0,0,0,0,0,0,0,0,0,0,0,0,0,0,0,0,0,0,0,0,0,0,0,0,0,0,0,0,0,0,0,0,0,0,0,0,0,0,0,0,0,0,0,0,0,151,162,172,174,178,178,178,178,176,176,178,178,178,178,176,176,176,174,170,164,158,147,0,0,0,0,0,0,0,0,143,151,160,162,166,166,168,168,166,164,162,160,155,153,153,149,0,0,0,0,0,0,0,0,0,0,0,0,0,0,0,0,0,0,0,0,0,0,0,0,0,0,0,0,0,0,0,0,0,0,0,0,0,0,0,0,0,0,0,0,0,0,0,0,0,0,0,0,0,0,0,0,0,0,0,0,0,0,0,0,0,0,0,0,0,0,0,0,0,0,0,0,0,0,0,0,0,0,0,0,0,0,0,0,0,0,0,0,0,0,0,0,0,0,0,0,0,0,0,0,0,0,0,0,0,0,0,0,0,0,0,0,0,0,0,0,0,0,0,0,0,0,0,0,0,0,0,0,0,0,0,0,0,0,0,0,0,0,0,0,0,0,0,0,0,0,0,0,0,0,0,0,0,0,0,0,0,0,0,0,0,0,0,0,0,0,0,0,0,0,0,0,0,0,0,0,0,0,0,0,0,0,0,0,0,0,0,0,0,0,0,0,0,0,0,0,0
0,0,0,0,0,0,0,0,0,0,0,0,0,0,0,0,0,0,0,0,0,0,0,0,0,0,0,0,0,0,0,0,0,0,0,0,0,0,0,0,0,0,0,0,0,0,0,0,0,0,0,0,0,0,0,0,0,0,0,0,0,0,0,0,0,0,0,0,0,0,0,0,0,0,0,0,0,0,0,0,0,0,0,0,0,0,0,0,0,0,0,0,0,0,0,0,0,0,0,0,0,0,0,0,0,0,0,0,0,0,0,0,0,0,0,0,0,0,0,0,0,0,149,172,176,180,180,180,180,180,178,178,178,178,178,180,178,178,178,180,178,176,172,166,158,149,0,0,0,0,0,0,149,166,174,185,185,187,187,187,187,187,185,182,180,180,180,180,178,176,172,170,168,166,162,158,151,0,0,0,0,0,0,0,0,0,0,0,0,0,0,0,0,0,0,0,0,0,0,0,0,0,0,0,0,0,0,0,0,0,0,0,0,0,0,0,0,0,0,0,0,0,0,0,0,0,0,0,0,0,0,0,0,0,0,0,0,0,0,0,0,0,0,0,0,0,0,0,0,0,0,0,0,0,0,0,0,0,0,0,0,0,0,0,0,0,0,0,0,0,0,0,0,0,0,0,0,0,0,0,0,0,0,0,0,0,0,0,0,0,0,0,0,0,0,0,0,0,0,0,0,0,0,0,0,0,0,0,0,0,0,0,0,0,0,0,0,0,0,0,0,0,0,0,0,0,0,0,0,0,0,0,0,0,0,0,0,0,0,0,0,0,0,0,0,0,0,0,0,0,0,0,0,0,0,0,0,0,0,0,0,0,0,0,0,0,0,0,0,0
0,0,0,0,0,0,0,0,0,0,0,0,0,0,0,0,0,0,0,0,0,0,0,0,0,0,0,0,0,0,0,0,0,0,0,0,0,0,0,0,0,0,0,0,0,0,0,0,0,0,0,0,0,0,0,0,0,0,0,0,0,0,0,0,0,0,0,0,0,0,0,0,0,0,0,0,0,0,0,0,0,0,0,0,0,0,0,0,0,0,0,0,0,0,0,0,0,0,0,0,0,0,0,0,0,0,0,0,0,0,0,0,0,0,0,0,0,0,0,0,0,0,155,174,178,182,182,185,187,189,187,187,185,185,182,182,180,180,180,180,178,176,172,168,162,153,139,0,0,0,0,145,158,170,178,185,185,187,187,187,187,187,187,185,185,185,182,182,182,180,180,178,178,176,174,172,168,166,160,155,151,147,0,0,0,0,0,0,0,0,0,0,0,0,0,0,0,0,0,0,0,0,0,0,0,0,0,0,0,0,0,0,0,0,0,0,0,0,0,0,0,0,0,0,0,0,0,0,0,0,0,0,0,0,0,0,0,0,0,0,0,0,0,0,0,0,0,0,0,0,0,0,0,0,0,0,0,0,0,0,0,0,0,0,0,0,0,0,0,0,0,0,0,0,0,0,0,0,0,0,0,0,0,0,0,0,0,0,0,0,0,0,0,0,0,0,0,0,0,0,0,0,0,0,0,0,0,0,0,0,0,0,0,0,0,0,0,0,0,0,0,0,0,0,0,0,0,0,0,0,0,0,0,0,0,0,0,0,0,0,0,0,0,0,0,0,0,0,0,0,0,0,0,0,0,0,0,0,0,0,0,0,0,0,0,0,0,0,0,0
0,0,0,0,0,0,0,0,0,0,0,0,0,0,0,0,0,0,0,0,0,0,0,0,0,0,0,0,0,0,0,0,0,0,0,0,0,0,0,0,0,0,0,0,0,0,0,0,0,0,0,0,0,0,0,0,0,0,0,0,0,0,0,0,0,0,0,0,0,0,0,0,0,0,0,0,0,0,0,0,0,0,0,0,0,0,0,0,0,0,0,0,0,0,0,0,0,0,0,0,0,0,0,0,0,0,0,0,0,0,0,0,0,149,158,168,164,162,151,141,143,145,162,176,180,182,187,191,193,197,195,195,193,191,187,185,182,182,180,180,178,176,174,172,166,160,143,0,0,0,137,155,166,176,180,185,185,187,187,189,189,189,189,189,189,189,187,187,185,185,187,189,189,189,187,187,187,187,185,182,180,178,174,170,162,151,0,0,0,0,0,0,0,0,0,0,0,0,0,0,0,0,0,0,0,0,0,0,0,0,0,0,0,0,0,0,0,0,0,0,0,0,0,0,0,0,0,0,0,0,0,0,0,0,0,0,0,0,0,0,0,0,0,0,0,0,0,0,0,0,0,0,0,0,0,0,0,0,0,0,0,0,0,0,0,0,0,0,0,0,0,0,0,0,0,0,0,0,0,0,0,0,0,0,0,0,0,0,0,0,0,0,0,0,0,0,0,0,0,0,0,0,0,0,0,0,0,0,0,0,0,0,0,0,0,0,0,0,0,0,0,0,0,0,0,0,0,0,0,0,0,0,0,0,0,0,0,0,0,0,0,0,0,0,0,0,0,0,0,0,0,0,0,0,0,0,0,0,0,0,0,0,0,0,0,0,0,0,0,0
0,0,0,0,0,0,0,0,0,0,0,0,0,0,0,0,0,0,0,0,0,0,0,0,0,0,0,0,0,0,0,0,0,0,0,0,0,0,0,0,0,0,0,0,0,0,0,0,0,0,0,0,0,0,0,0,0,0,0,0,0,0,0,0,0,0,0,0,0,0,0,0,0,0,0,0,0,0,0,0,0,0,0,0,0,0,0,0,0,0,0,0,0,0,0,0,0,0,0,0,0,0,0,0,0,0,0,0,0,0,0,145,155,164,170,174,172,168,160,151,149,149,162,176,178,182,187,191,197,203,205,207,205,201,197,191,189,185,182,180,178,176,174,172,166,162,145,131,0,0,143,164,170,178,182,187,189,189,191,193,193,195,195,195,195,195,193,193,191,189,189,191,189,187,187,185,185,185,185,182,180,180,178,176,170,164,158,151,153,155,160,162,162,164,155,0,0,0,0,0,0,0,0,0,0,0,0,0,0,0,0,0,0,0,0,0,0,0,0,0,0,0,0,0,0,0,0,0,0,0,0,0,0,0,0,0,0,0,0,0,0,0,0,0,0,0,0,0,0,0,0,0,0,0,0,0,0,0,0,0,0,0,0,0,0,0,0,0,0,0,0,0,0,0,0,0,0,0,0,0,0,0,0,0,0,0,0,0,0,0,0,0,0,0,0,0,0,0,0,0,0,0,0,0,0,0,0,0,0,0,0,0,0,0,0,0,0,0,0,0,0,0,0,0,0,0,0,0,0,0,0,0,0,0,0,0,0,0,0,0,0,0,0,0,0,0,0,0,0,0,0,0,0,0,0,0,0,0,0,0,0,0,0,0,0,0,0,0,0,0
0,0,0,0,0,0,0,0,0,0,0,0,0,0,0,0,0,0,0,0,0,0,0,0,0,0,0,0,0,0,0,0,0,0,0,0,0,0,0,0,0,0,0,0,0,0,0,0,0,0,0,0,0,0,0,0,0,0,0,0,0,0,0,0,0,0,0,0,0,0,0,0,0,0,0,0,0,0,0,0,0,0,0,0,0,0,0,0,0,0,0,0,0,0,0,0,0,0,0,0,0,0,0,0,0,0,0,0,0,145,160,174,176,180,180,182,178,176,168,162,158,153,164,174,178,180,187,191,199,209,214,220,218,214,205,199,193,187,182,180,178,176,174,174,168,164,147,131,131,133,151,170,176,180,185,189,191,193,195,197,199,201,201,201,201,201,201,199,195,193,193,193,189,187,185,185,185,185,182,182,182,182,182,182,180,176,172,170,170,172,176,178,180,180,178,176,166,155,0,0,0,0,0,0,0,0,0,0,0,0,0,0,0,0,0,0,0,0,0,0,0,0,0,0,0,0,0,0,0,0,0,0,0,0,0,0,0,0,0,0,0,0,0,0,0,0,0,0,0,0,0,0,0,0,0,0,0,0,0,0,0,0,0,0,0,0,0,0,0,0,0,0,0,0,0,0,0,0,0,0,0,0,0,0,0,0,0,0,0,0,0,0,0,0,0,0,0,0,0,0,0,0,0,0,0,0,0,0,0,0,0,0,0,0,0,0,0,0,0,0,0,0,0,0,0,0,0,0,0,0,0,0,0,0,0,0,0,0,0,0,0,0,0,0,0,0,0,0,0,0,0,0,0,0,0,0,0,0,0,0,0,0,0,0,0,0,0,0,0,0
0,0,0,0,0,0,0,0,0,0,0,0,0,0,0,0,0,0,0,0,0,0,0,0,0,0,0,0,0,0,0,0,0,0,0,0,0,0,0,0,0,0,0,0,0,0,0,0,0,0,0,0,0,0,0,0,0,0,0,0,0,0,0,0,0,0,0,0,0,0,0,0,0,0,0,0,0,0,0,0,0,0,0,0,0,0,0,0,0,0,0,0,0,0,0,0,0,0,0,0,0,0,0,0,0,0,0,0,145,162,168,176,178,180,180,182,180,178,170,164,158,151,160,168,174,180,185,187,195,205,214,222,222,222,214,207,197,189,185,178,176,174,174,172,168,166,149,133,135,137,153,172,176,180,185,189,193,197,201,207,209,214,216,216,218,220,218,218,216,214,211,211,209,205,201,199,197,193,191,189,187,185,185,185,182,178,178,176,178,178,180,182,182,185,182,180,174,168,153,0,0,0,0,0,0,0,0,0,0,0,0,0,0,0,0,0,0,0,0,0,0,0,0,0,0,0,0,0,0,0,0,0,0,0,0,0,0,0,0,0,0,0,0,0,0,0,0,0,0,0,0,0,0,0,0,0,0,0,0,0,0,0,0,0,0,0,0,0,0,0,0,0,0,0,0,0,0,0,0,0,0,0,0,0,0,0,0,0,0,0,0,0,0,0,0,0,0,0,0,0,0,0,0,0,0,0,0,0,0,0,0,0,0,0,0,0,0,0,0,0,0,0,0,0,0,0,0,0,0,0,0,0,0,0,0,0,0,0,0,0,0,0,0,0,0,0,0,0,0,0,0,0,0,0,0,0,0,0,0,0,0,0,0,0,0,0,0,0,0,0
0,0,0,0,0,0,0,0,0,0,0,0,0,0,0,0,0,0,0,0,0,0,0,0,0,0,0,0,0,0,0,0,0,0,0,0,0,0,0,0,0,0,0,0,0,0,0,0,0,0,0,0,0,0,0,0,0,0,0,0,0,0,0,0,0,0,0,0,0,0,0,0,0,0,0,0,0,0,0,0,0,0,0,0,0,0,0,0,0,0,0,0,0,0,0,0,0,0,0,0,0,0,0,0,0,0,143,166,172,178,178,178,180,182,182,182,180,180,174,168,158,147,155,164,172,180,182,182,191,201,211,224,226,230,222,216,203,191,185,178,176,172,172,172,168,166,151,137,139,141,158,174,178,182,187,191,195,201,209,216,222,226,228,232,234,236,236,238,236,234,232,232,228,224,220,214,209,203,199,193,191,189,187,187,185,182,182,185,185,187,187,189,187,187,185,185,182,182,172,164,0,0,0,0,0,0,0,0,0,0,0,0,0,0,0,0,0,0,0,0,0,0,0,0,0,0,0,0,0,0,0,0,0,0,0,0,0,0,0,0,0,0,0,0,0,0,0,0,0,0,0,0,0,0,0,0,0,0,0,0,0,0,0,0,0,0,0,0,0,0,0,0,0,0,0,0,0,0,0,0,0,0,0,0,0,0,0,0,0,0,0,0,0,0,0,0,0,0,0,0,0,0,0,0,0,0,0,0,0,0,0,0,0,0,0,0,0,0,0,0,0,0,0,0,0,0,0,0,0,0,0,0,0,0,0,0,0,0,0,0,0,0,0,0,0,0,0,0,0,0,0,0,0,0,0,0,0,0,0,0,0,0,0,0,0,0,0,0,0,0
0,0,0,0,0,0,0,0,0,0,0,0,0,0,0,0,0,0,0,0,0,0,0,0,0,0,0,0,0,0,0,0,0,0,0,0,0,0,0,0,0,0,0,0,0,0,0,0,0,0,0,0,0,0,0,0,0,0,0,0,0,0,0,0,0,0,0,0,0,0,0,0,0,0,0,0,0,0,0,0,0,0,0,0,0,0,0,0,0,0,0,0,0,0,0,0,0,0,0,0,0,0,0,0,0,145,160,174,176,180,180,182,185,189,189,189,185,182,176,170,158,147,149,153,164,176,178,182,189,193,205,216,224,232,228,224,211,199,191,182,178,174,174,174,170,168,151,137,139,143,158,174,178,182,187,191,199,207,216,224,228,232,234,236,238,240,240,243,243,240,240,240,236,234,230,226,222,218,211,205,203,199,195,191,189,189,189,189,191,193,195,197,195,193,189,185,185,182,176,170,151,0,0,0,0,0,0,0,0,0,0,0,0,0,0,0,0,0,0,0,0,0,0,0,0,0,0,0,0,0,0,0,0,0,0,0,0,0,0,0,0,0,0,0,0,0,0,0,0,0,0,0,0,0,0,0,0,0,0,0,0,0,0,0,0,0,0,0,0,0,0,0,0,0,0,0,0,0,0,0,0,0,0,0,0,0,0,0,0,0,0,0,0,0,0,0,0,0,0,0,0,0,0,0,0,0,0,0,0,0,0,0,0,0,0,0,0,0,0,0,0,0,0,0,0,0,0,0,0,0,0,0,0,0,0,0,0,0,0,0,0,0,0,0,0,0,0,0,0,0,0,0,0,0,0,0,0,0,0,0,0,0,0,0,0,0,0,0,0,0
0,0,0,0,0,0,0,0,0,0,0,0,0,0,0,0,0,0,0,0,0,0,0,0,0,0,0,0,0,0,0,0,0,0,0,0,0,0,0,0,0,0,0,0,0,0,0,0,0,0,0,0,0,0,0,0,0,0,0,0,0,0,0,0,0,0,0,0,0,0,0,0,0,0,0,0,0,0,0,0,0,0,0,0,0,0,0,0,0,0,0,0,0,0,0,0,0,0,0,0,0,0,0,0,149,172,176,180,180,182,185,187,191,195,195,195,191,185,178,172,160,145,145,145,158,170,176,182,185,187,199,209,222,234,234,234,222,209,197,187,180,176,176,176,172,168,153,139,141,145,160,176,180,185,189,193,203,214,224,234,236,238,240,243,245,245,247,247,249,249,249,249,247,245,240,238,234,230,224,218,214,209,203,197,195,195,195,195,199,201,203,205,201,197,193,187,185,182,180,176,164,153,0,0,0,0,0,0,0,0,0,0,0,0,0,0,0,0,0,0,0,0,0,0,0,0,0,0,0,0,0,0,0,0,0,0,0,0,0,0,0,0,0,0,0,0,0,0,0,0,0,0,0,0,0,0,0,0,0,0,0,0,0,0,0,0,0,0,0,0,0,0,0,0,0,0,0,0,0,0,0,0,0,0,0,0,0,0,0,0,0,0,0,0,0,0,0,0,0,0,0,0,0,0,0,0,0,0,0,0,0,0,0,0,0,0,0,0,0,0,0,0,0,0,0,0,0,0,0,0,0,0,0,0,0,0,0,0,0,0,0,0,0,0,0,0,0,0,0,0,0,0,0,0,0,0,0,0,0,0,0,0,0,0,0,0,0,0,0,0
0,0,0,0,0,0,0,0,0,0,0,0,0,0,0,0,0,0,0,0,0,0,0,0,0,0,0,0,0,0,0,0,0,0,0,0,0,0,0,0,0,0,0,0,0,0,0,0,0,0,0,0,0,0,0,0,0,0,0,0,0,0,0,0,0,0,0,0,0,0,0,0,0,0,0,0,0,0,0,0,0,0,0,0,0,0,0,0,0,0,0,0,0,0,0,0,0,0,0,0,0,0,0,149,162,176,178,180,185,187,191,195,199,203,203,203,195,187,180,174,164,155,149,145,151,160,166,174,178,182,191,201,216,228,232,238,228,220,207,195,187,178,176,176,172,170,153,139,141,145,160,176,180,185,191,197,209,222,230,238,238,240,243,245,245,245,245,247,247,249,249,249,247,245,243,243,238,236,232,226,222,220,214,207,207,207,207,209,211,214,214,214,207,201,195,189,185,182,178,176,166,153,0,0,0,0,0,0,0,0,0,0,0,0,0,0,0,0,0,0,0,0,0,0,0,0,0,0,0,0,0,0,0,0,0,0,0,0,0,0,0,0,0,0,0,0,0,0,0,0,0,0,0,0,0,0,0,0,0,0,0,0,0,0,0,0,0,0,0,0,0,0,0,0,0,0,0,0,0,0,0,0,0,0,0,0,0,0,0,0,0,0,0,0,0,0,0,0,0,0,0,0,0,0,0,0,0,0,0,0,0,0,0,0,0,0,0,0,0,0,0,0,0,0,0,0,0,0,0,0,0,0,0,0,0,0,0,0,0,0,0,0,0,0,0,0,0,0,0,0,0,0,0,0,0,0,0,0,0,0,0,0,0,0,0,0,0,0,0,0
0,0,0,0,0,0,0,0,0,0,0,0,0,0,0,0,0,0,0,0,0,0,0,0,0,0,0,0,0,0,0,0,0,0,0,0,0,0,0,0,0,0,0,0,0,0,0,0,0,0,0,0,0,0,0,0,0,0,0,0,0,0,0,0,0,0,0,0,0,0,0,0,0,0,0,0,0,0,0,0,0,0,0,0,0,0,0,0,0,0,0,0,0,0,0,0,0,0,0,0,0,0,149,172,176,180,180,180,187,193,197,203,207,214,214,214,201,191,182,176,170,164,153,145,145,147,158,166,172,178,185,193,207,224,232,240,234,230,216,203,193,182,178,176,172,170,155,139,141,145,160,176,180,185,193,201,216,230,236,243,243,243,245,247,245,245,245,247,247,249,249,249,247,247,247,247,245,245,240,236,232,228,224,220,220,220,220,222,224,224,224,222,214,203,197,191,187,182,178,176,166,155,139,0,0,0,0,0,0,0,0,0,0,0,0,0,0,0,0,0,0,0,0,0,0,0,0,0,0,0,0,0,0,0,0,0,0,0,0,0,0,0,0,0,0,0,0,0,0,0,0,0,0,0,0,0,0,0,0,0,0,0,0,0,0,0,0,0,0,0,0,0,0,0,0,0,0,0,0,0,0,0,0,0,0,0,0,0,0,0,0,0,0,0,0,0,0,0,0,0,0,0,0,0,0,0,0,0,0,0,0,0,0,0,0,0,0,0,0,0,0,0,0,0,0,0,0,0,0,0,0,0,0,0,0,0,0,0,0,0,0,0,0,0,0,0,0,0,0,0,0,0,0,0,0,0,0,0,0,0,0,0,0,0,0,0,0,0,0,0
0,0,0,0,0,0,0,0,0,0,0,0,0,0,0,0,0,0,0,0,0,0,0,0,0,0,0,0,0,0,0,0,0,0,0,0,0,0,0,0,0,0,0,0,0,0,0,0,0,0,0,0,0,0,0,0,0,0,0,0,0,0,0,0,0,0,0,0,0,0,0,0,0,0,0,0,0,0,0,0,0,0,0,0,0,0,0,0,0,0,0,0,0,0,0,0,0,0,0,0,0,147,162,174,176,180,182,185,189,195,201,207,214,220,222,224,211,201,191,180,176,170,162,153,151,149,153,160,166,174,182,189,203,218,228,240,238,236,226,214,201,189,182,178,174,170,155,141,143,145,162,176,180,187,197,207,222,236,238,243,243,245,245,245,245,243,243,245,245,247,247,247,247,245,245,247,247,247,243,240,238,234,232,228,228,228,228,226,224,220,218,214,205,197,193,189,185,182,178,176,164,153,145,0,0,139,0,0,0,0,0,0,0,0,0,0,0,0,0,0,0,0,0,0,0,0,0,0,0,0,0,0,0,0,0,0,0,0,0,0,0,0,0,0,0,0,0,0,0,0,0,0,0,0,0,0,0,0,0,0,0,0,0,0,0,0,0,0,0,0,0,0,0,0,0,0,0,0,0,0,0,0,0,0,0,0,0,0,0,0,0,0,0,0,0,0,0,0,0,0,0,0,0,0,0,0,0,0,0,0,0,0,0,0,0,0,0,0,0,0,0,0,0,0,0,0,0,0,0,0,0,0,0,0,0,0,0,0,0,0,0,0,0,0,0,0,0,0,0,0,0,0,0,0,0,0,0,0,0,0,0,0,0,0,0,0,0,0,0,0
0,0,0,0,0,0,0,0,0,0,0,0,0,0,0,0,0,0,0,0,0,0,0,0,0,0,0,0,0,0,0,0,0,0,0,0,0,0,0,0,0,0,0,0,0,0,0,0,0,0,0,0,0,0,0,0,0,0,0,0,0,0,0,0,0,0,0,0,0,0,0,0,0,0,0,0,0,0,0,0,0,0,0,0,0,0,0,0,0,0,0,0,0,0,0,0,0,0,0,0,149,168,172,178,178,180,185,189,193,197,205,214,220,226,230,234,222,211,199,187,182,178,170,164,155,149,151,153,162,170,178,187,199,211,226,240,243,245,234,226,211,197,189,180,174,170,158,145,145,147,164,178,182,187,201,216,228,243,243,245,245,247,245,245,243,243,243,243,243,245,245,247,245,245,245,247,249,249,247,247,243,240,240,238,238,238,234,232,224,216,211,205,199,191,189,187,185,185,180,176,164,153,149,147,153,160,162,164,162,160,153,149,0,0,0,0,0,0,0,0,0,0,0,0,0,0,0,0,0,0,0,0,0,0,0,0,0,0,0,0,0,0,0,0,0,0,0,0,0,0,0,0,0,0,0,0,0,0,0,0,0,0,0,0,0,0,0,0,0,0,0,0,0,0,0,0,0,0,0,0,0,0,0,0,0,0,0,0,0,0,0,0,0,0,0,0,0,0,0,0,0,0,0,0,0,0,0,0,0,0,0,0,0,0,0,0,0,0,0,0,0,0,0,0,0,0,0,0,0,0,0,0,0,0,0,0,0,0,0,0,0,0,0,0,0,0,0,0,0,0,0,0,0,0,0,0,0,0,0,0,0,0,0,0,0,0,0,0,0,0
0,0,0,0,0,0,0,0,0,0,0,0,0,0,0,0,0,0,0,0,0,0,0,0,0,0,0,0,0,0,0,0,0,0,0,0,0,0,0,0,0,0,0,0,0,0,0,0,0,0,0,0,0,0,0,0,0,0,0,0,0,0,0,0,0,0,0,0,0,0,0,0,0,0,0,0,0,0,0,0,0,0,0,0,0,0,0,0,0,0,0,0,0,0,0,0,0,0,0,143,155,170,174,180,182,185,187,189,193,197,203,211,218,222,228,234,228,220,207,197,189,182,176,170,166,162,160,158,162,166,174,185,195,207,222,236,240,245,238,234,222,209,197,185,178,172,162,149,151,153,166,180,185,191,207,222,234,245,245,247,247,247,245,243,240,240,240,240,240,240,240,240,243,243,245,247,247,249,247,247,245,243,238,236,232,230,224,218,209,203,199,195,191,185,182,182,180,178,172,166,158,149,153,158,166,172,172,172,172,170,166,164,153,145,0,0,0,0,0,0,0,0,0,0,0,0,0,0,0,0,0,0,0,0,0,0,0,0,0,0,0,0,0,0,0,0,0,0,0,0,0,0,0,0,0,0,0,0,0,0,0,0,0,0,0,0,0,0,0,0,0,0,0,0,0,0,0,0,0,0,0,0,0,0,0,0,0,0,0,0,0,0,0,0,0,0,0,0,0,0,0,0,0,0,0,0,0,0,0,0,0,0,0,0,0,0,0,0,0,0,0,0,0,0,0,0,0,0,0,0,0,0,0,0,0,0,0,0,0,0,0,0,0,0,0,0,0,0,0,0,0,0,0,0,0,0,0,0,0,0,0,0,0,0,0,0,0,0,0,0
0,0,0,0,0,0,0,0,0,0,0,0,0,0,0,0,0,0,0,0,0,0,0,0,0,0,0,0,0,0,0,0,0,0,0,0,0,0,0,0,0,0,0,0,0,0,0,0,0,0,0,0,0,0,0,0,0,0,0,0,0,0,0,0,0,0,0,0,0,0,0,0,0,0,0,0,0,0,0,0,0,0,0,0,0,0,0,0,0,0,0,0,0,0,0,0,0,0,137,153,164,174,178,182,185,189,189,191,193,197,203,209,214,220,228,236,232,230,218,207,197,189,182,178,176,174,168,162,162,164,172,182,193,205,220,234,240,247,245,243,232,222,205,189,182,174,166,155,158,158,170,180,189,197,214,230,238,249,249,249,249,249,245,243,240,238,240,240,238,236,236,236,238,240,243,245,247,249,249,249,247,245,238,234,228,220,211,203,197,191,187,185,182,180,178,178,176,174,166,158,151,147,160,170,178,187,185,182,182,180,180,178,172,164,155,147,141,0,0,0,0,0,0,0,0,0,0,0,0,0,0,0,0,0,0,0,0,0,0,0,0,0,0,0,0,0,0,0,0,0,0,0,0,0,0,0,0,0,0,0,0,0,0,0,0,0,0,0,0,0,0,0,0,0,0,0,0,0,0,0,0,0,0,0,0,0,0,0,0,0,0,0,0,0,0,0,0,0,0,0,0,0,0,0,0,0,0,0,0,0,0,0,0,0,0,0,0,0,0,0,0,0,0,0,0,0,0,0,0,0,0,0,0,0,0,0,0,0,0,0,0,0,0,0,0,0,0,0,0,0,0,0,0,0,0,0,0,0,0,0,0,0,0,0,0,0,0,0,0,0
0,0,0,0,0,0,0,0,0,0,0,0,0,0,0,0,0,0,0,0,0,0,0,0,0,0,0,0,0,0,0,0,0,0,0,0,0,0,0,0,0,0,0,0,0,0,0,0,0,0,0,0,0,0,0,0,0,0,0,0,0,0,0,0,0,0,0,0,0,0,0,0,0,0,0,0,0,0,0,0,0,0,0,0,0,0,0,0,0,0,0,0,0,0,0,0,0,0,145,160,168,174,178,182,185,187,187,189,191,195,197,201,203,207,218,228,230,234,228,222,211,203,195,185,182,178,174,170,168,166,174,182,193,205,218,230,238,245,245,245,236,228,214,199,189,178,168,160,162,162,172,182,193,203,220,236,243,249,249,249,249,249,247,243,240,238,238,238,236,234,236,236,238,240,243,247,247,249,249,249,243,238,230,222,214,203,197,191,187,185,182,180,178,176,174,172,168,164,155,147,147,149,162,174,180,187,187,185,185,185,182,180,176,170,164,155,149,143,0,0,0,0,0,0,0,0,0,0,0,0,0,0,0,0,0,0,0,0,0,0,0,0,0,0,0,0,0,0,0,0,0,0,0,0,0,0,0,0,0,0,0,0,0,0,0,0,0,0,0,0,0,0,0,0,0,0,0,0,0,0,0,0,0,0,0,0,0,0,0,0,0,0,0,0,0,0,0,0,0,0,0,0,0,0,0,0,0,0,0,0,0,0,0,0,0,0,0,0,0,0,0,0,0,0,0,0,0,0,0,0,0,0,0,0,0,0,0,0,0,0,0,0,0,0,0,0,0,0,0,0,0,0,0,0,0,0,0,0,0,0,0,0,0,0,0,0,0,0,0,0
0,0,0,0,0,0,0,0,0,0,0,0,0,0,0,0,0,0,0,0,0,0,0,0,0,0,0,0,0,0,0,0,0,0,0,0,0,0,0,0,0,0,0,0,0,0,0,0,0,0,0,0,0,0,0,0,0,0,0,0,0,0,0,0,0,0,0,0,0,0,0,0,0,0,0,0,0,0,0,0,0,0,0,0,0,0,0,0,0,0,0,0,0,0,0,0,0,137,151,168,170,174,178,182,182,185,185,187,189,193,193,193,195,197,209,220,228,238,236,236,226,218,205,193,189,185,180,176,172,168,176,185,195,205,216,228,236,245,245,247,243,236,222,207,195,180,172,164,166,168,174,182,195,209,224,240,245,249,251,251,251,251,249,245,243,238,238,236,236,234,234,236,238,240,245,247,249,251,249,249,240,234,222,209,199,189,182,178,178,178,178,178,176,174,170,168,162,155,145,137,143,151,164,178,182,189,189,189,187,187,185,185,180,178,170,164,158,151,145,141,0,0,0,0,0,0,0,0,0,0,0,0,0,0,0,0,0,0,0,0,0,0,0,0,0,0,0,0,0,0,0,0,0,0,0,0,0,0,0,0,0,0,0,0,0,0,0,0,0,0,0,0,0,0,0,0,0,0,0,0,0,0,0,0,0,0,0,0,0,0,0,0,0,0,0,0,0,0,0,0,0,0,0,0,0,0,0,0,0,0,0,0,0,0,0,0,0,0,0,0,0,0,0,0,0,0,0,0,0,0,0,0,0,0,0,0,0,0,0,0,0,0,0,0,0,0,0,0,0,0,0,0,0,0,0,0,0,0,0,0,0,0,0,0,0,0,0,0,0,0
0,0,0,0,0,0,0,0,0,0,0,0,0,0,0,0,0,0,0,0,0,0,0,0,0,0,0,0,0,0,0,0,0,0,0,0,0,0,0,0,0,0,0,0,0,0,0,0,0,0,0,0,0,0,0,0,0,0,0,0,0,0,0,0,0,0,0,0,0,0,0,0,0,0,0,0,0,0,0,0,0,0,0,0,0,0,0,0,0,0,0,0,0,0,0,0,135,147,158,168,170,174,176,180,180,182,182,182,182,185,185,185,187,191,201,211,222,232,234,238,234,230,218,207,199,191,187,182,176,172,178,185,193,203,214,226,234,245,245,247,243,240,230,218,203,189,178,170,170,172,180,189,203,220,232,245,247,251,251,253,251,251,249,245,243,238,236,234,234,234,236,236,240,243,245,247,249,251,247,245,234,224,209,197,189,182,178,176,174,172,172,170,170,170,164,160,153,147,141,137,147,160,170,182,187,191,191,191,189,187,185,182,180,178,174,168,164,160,155,151,143,137,0,0,0,0,0,0,0,0,0,0,0,0,0,0,0,0,0,0,0,0,0,0,0,0,0,0,0,0,0,0,0,0,0,0,0,0,0,0,0,0,0,0,0,0,0,0,0,0,0,0,0,0,0,0,0,0,0,0,0,0,0,0,0,0,0,0,0,0,0,0,0,0,0,0,0,0,0,0,0,0,0,0,0,0,0,0,0,0,0,0,0,0,0,0,0,0,0,0,0,0,0,0,0,0,0,0,0,0,0,0,0,0,0,0,0,0,0,0,0,0,0,0,0,0,0,0,0,0,0,0,0,0,0,0,0,0,0,0,0,0,0,0,0,0,0,0,0,0
0,0,0,0,0,0,0,0,0,0,0,0,0,0,0,0,0,0,0,0,0,0,0,0,0,0,0,0,0,0,0,0,0,0,0,0,0,0,0,0,0,0,0,0,0,0,0,0,0,0,0,0,0,0,0,0,0,0,0,0,0,0,0,0,0,0,0,0,0,0,0,0,0,0,0,0,0,0,0,0,0,0,0,0,0,0,0,0,0,0,0,0,0,0,129,135,145,155,164,170,172,172,174,178,178,180,180,178,176,176,176,176,180,187,195,205,216,226,234,240,240,240,232,222,209,199,193,187,182,178,180,185,193,201,214,226,234,245,245,247,245,245,236,230,214,197,187,176,176,178,187,195,211,230,238,249,251,253,253,253,253,251,249,247,243,238,236,234,234,234,236,238,240,245,247,249,249,251,247,243,228,214,199,185,180,176,174,174,170,166,166,164,164,164,160,153,147,139,137,135,151,168,176,187,189,193,193,193,191,187,185,180,180,180,176,174,170,168,164,162,153,147,139,0,0,0,0,0,0,0,0,0,0,0,0,0,0,0,0,0,0,0,0,0,0,0,0,0,0,0,0,0,0,0,0,0,0,0,0,0,0,0,0,0,0,0,0,0,0,0,0,0,0,0,0,0,0,0,0,0,0,0,0,0,0,0,0,0,0,0,0,0,0,0,0,0,0,0,0,0,0,0,0,0,0,0,0,0,0,0,0,0,0,0,0,0,0,0,0,0,0,0,0,0,0,0,0,0,0,0,0,0,0,0,0,0,0,0,0,0,0,0,0,0,0,0,0,0,0,0,0,0,0,0,0,0,0,0,0,0,0,0,0,0,0,0,0,0,0,0
0,0,0,0,0,0,0,0,0,0,0,0,0,0,0,0,0,0,0,0,0,0,0,0,0,0,0,0,0,0,0,0,0,0,0,0,0,0,0,0,0,0,0,0,0,0,0,0,0,0,0,0,0,0,0,0,0,0,0,0,0,0,0,0,0,0,0,0,0,0,0,0,0,0,0,0,0,0,0,0,0,0,0,0,0,0,0,0,0,0,0,131,131,129,135,141,149,158,164,170,170,172,174,176,176,176,174,174,170,168,170,170,174,180,189,197,209,222,230,240,243,245,238,232,222,209,201,193,189,182,185,187,195,201,214,226,234,243,243,245,245,245,240,236,222,209,199,189,189,189,197,205,222,236,243,251,251,253,253,251,249,249,247,245,240,238,236,234,234,236,236,238,240,243,245,247,247,249,243,236,220,205,193,180,176,172,166,162,160,158,158,158,155,155,151,145,139,133,137,139,155,172,180,187,191,195,195,197,193,189,185,180,180,178,178,178,176,174,170,168,162,155,149,141,139,135,137,0,0,0,0,0,0,0,0,0,0,0,0,0,0,0,0,0,0,0,0,0,0,0,0,0,0,0,0,0,0,0,0,0,0,0,0,0,0,0,0,0,0,0,0,0,0,0,0,0,0,0,0,0,0,0,0,0,0,0,0,0,0,0,0,0,0,0,0,0,0,0,0,0,0,0,0,0,0,0,0,0,0,0,0,0,0,0,0,0,0,0,0,0,0,0,0,0,0,0,0,0,0,0,0,0,0,0,0,0,0,0,0,0,0,0,0,0,0,0,0,0,0,0,0,0,0,0,0,0,0,0,0,0,0,0,0,0,0,0,0,0,0,0
0,0,0,0,0,0,0,0,0,0,0,0,0,0,0,0,0,0,0,0,0,0,0,0,0,0,0,0,0,0,0,0,0,0,0,0,0,0,0,0,0,0,0,0,0,0,0,0,0,0,0,0,0,0,0,0,0,0,0,0,0,0,0,0,0,0,0,0,0,0,0,0,0,0,0,0,0,0,0,0,0,0,0,0,0,0,0,0,133,139,137,137,135,135,141,149,155,162,166,170,170,172,172,174,174,174,170,168,166,162,164,166,170,174,182,189,203,218,228,240,243,247,245,245,232,220,209,201,195,189,191,191,197,203,216,228,234,240,243,243,245,247,245,243,232,222,211,201,201,199,207,218,230,245,249,253,253,255,251,249,247,247,245,243,238,236,236,236,236,238,238,238,240,243,243,245,245,247,238,230,214,197,187,176,172,168,160,151,149,149,149,151,149,147,143,139,133,126,135,145,162,178,182,189,193,197,197,199,195,191,187,182,180,178,178,180,180,180,176,174,170,164,158,151,145,141,137,135,139,0,0,0,0,0,0,0,0,0,0,0,0,0,0,0,0,0,0,0,0,0,0,0,0,0,0,0,0,0,0,0,0,0,0,0,0,0,0,0,0,0,0,0,0,0,0,0,0,0,0,0,0,0,0,0,0,0,0,0,0,0,0,0,0,0,0,0,0,0,0,0,0,0,0,0,0,0,0,0,0,0,0,0,0,0,0,0,0,0,0,0,0,0,0,0,0,0,0,0,0,0,0,0,0,0,0,0,0,0,0,0,0,0,0,0,0,0,0,0,0,0,0,0,0,0,0,0,0,0,0,0,0,0,0,0,0,0,0,0,0,0
0,0,0,0,0,0,0,0,0,0,0,0,0,0,0,0,0,0,0,0,0,0,0,0,0,0,0,0,0,0,0,0,0,0,0,0,0,0,0,0,0,0,0,0,0,0,0,0,0,0,0,0,0,0,0,0,0,0,0,0,0,0,0,0,0,0,0,0,0,0,0,0,0,0,0,0,0,0,0,0,0,0,0,0,0,0,0,135,137,139,137,137,137,137,143,151,158,162,166,168,170,172,172,172,170,170,168,166,162,158,158,160,166,170,178,187,199,214,226,238,243,247,247,245,236,228,218,209,201,195,195,195,199,203,214,224,232,240,240,243,243,245,245,243,238,232,224,216,216,216,222,228,238,249,249,251,253,253,251,249,247,247,243,238,236,234,234,234,236,238,238,238,238,240,243,243,243,243,232,222,205,191,182,174,166,158,147,137,137,137,139,139,139,137,133,131,129,0,137,151,166,180,185,189,195,201,203,203,197,191,187,182,180,176,178,180,180,182,180,178,174,170,166,162,155,149,143,139,139,139,141,143,141,141,139,0,0,0,0,0,0,0,0,0,0,0,0,0,0,0,0,0,0,0,0,0,0,0,0,0,0,0,0,0,0,0,0,0,0,0,0,0,0,0,0,0,0,0,0,0,0,0,0,0,0,0,0,0,0,0,0,0,0,0,0,0,0,0,0,0,0,0,0,0,0,0,0,0,0,0,0,0,0,0,0,0,0,0,0,0,0,0,0,0,0,0,0,0,0,0,0,0,0,0,0,0,0,0,0,0,0,0,0,0,0,0,0,0,0,0,0,0,0,0,0,0,0,0,0,0,0,0,0,0,0,0,0,0,0,0
0,0,0,0,0,0,0,0,0,0,0,0,0,0,0,0,0,0,0,0,0,0,0,0,0,0,0,0,0,0,0,0,0,0,0,0,0,0,0,0,0,0,0,0,0,0,0,0,0,0,0,0,0,0,0,0,0,0,0,0,0,0,0,0,0,0,0,0,0,0,0,0,0,0,0,0,0,0,0,0,0,0,0,0,0,0,133,141,141,141,139,137,137,139,147,153,160,164,166,166,168,170,170,170,168,166,164,162,158,153,153,153,160,168,176,185,197,209,224,238,243,247,247,247,243,236,226,218,209,203,201,201,201,203,214,222,230,238,240,243,243,243,243,245,243,243,236,232,230,230,234,240,245,251,251,251,251,253,251,249,247,247,240,236,232,230,232,234,236,238,238,238,238,238,240,243,240,238,224,211,197,185,178,174,162,149,135,0,0,0,126,129,129,126,0,0,0,0,141,158,170,182,187,191,197,205,207,209,201,193,189,182,180,176,178,180,182,185,182,180,178,178,174,172,166,160,151,141,139,137,137,139,139,139,139,139,0,0,0,0,0,0,0,0,0,0,0,0,0,0,0,0,0,0,0,0,0,0,0,0,0,0,0,0,0,0,0,0,0,0,0,0,0,0,0,0,0,0,0,0,0,0,0,0,0,0,0,0,0,0,0,0,0,0,0,0,0,0,0,0,0,0,0,0,0,0,0,0,0,0,0,0,0,0,0,0,0,0,0,0,0,0,0,0,0,0,0,0,0,0,0,0,0,0,0,0,0,0,0,0,0,0,0,0,0,0,0,0,0,0,0,0,0,0,0,0,0,0,0,0,0,0,0,0,0,0,0,0,0,0
0,0,0,0,0,0,0,0,0,0,0,0,0,0,0,0,0,0,0,0,0,0,0,0,0,0,0,0,0,0,0,0,0,0,0,0,0,0,0,0,0,0,0,0,0,0,0,0,0,0,0,0,0,0,0,0,0,0,0,0,0,0,0,0,0,0,0,0,0,0,0,0,0,0,0,0,0,0,0,0,0,0,0,0,0,0,131,137,139,141,139,139,141,143,149,153,158,164,164,166,166,168,168,170,168,166,162,160,153,149,149,147,155,164,172,180,193,205,220,234,238,245,245,247,245,243,234,226,218,211,207,205,205,207,216,222,228,236,238,240,240,240,243,243,243,243,238,234,234,234,238,240,247,251,251,251,251,251,249,245,243,240,236,232,230,228,228,230,232,234,234,236,236,238,240,240,236,232,218,205,193,180,176,170,155,141,129,0,0,0,0,0,0,0,0,0,126,129,145,162,172,182,189,193,203,211,214,214,203,195,189,182,180,176,178,180,182,185,185,185,182,182,178,176,172,168,160,153,147,141,141,141,143,145,147,149,145,141,133,0,0,0,0,0,0,0,0,0,0,0,0,0,0,0,0,0,0,0,0,0,0,0,0,0,0,0,0,0,0,0,0,0,0,0,0,0,0,0,0,0,0,0,0,0,0,0,0,0,0,0,0,0,0,0,0,0,0,0,0,0,0,0,0,0,0,0,0,0,0,0,0,0,0,0,0,0,0,0,0,0,0,0,0,0,0,0,0,0,0,0,0,0,0,0,0,0,0,0,0,0,0,0,0,0,0,0,0,0,0,0,0,0,0,0,0,0,0,0,0,0,0,0,0,0,0,0,0,0,0,0
0,0,0,0,0,0,0,0,0,0,0,0,0,0,0,0,0,0,0,0,0,0,0,0,0,0,0,0,0,0,0,0,0,0,0,0,0,0,0,0,0,0,0,0,0,0,0,0,0,0,0,0,0,0,0,0,0,0,0,0,0,0,0,0,0,0,0,0,0,0,0,0,0,0,0,0,0,0,0,0,0,0,0,0,0,0,129,133,137,141,141,143,145,149,151,153,158,162,164,166,166,166,168,170,166,164,160,155,151,145,143,143,151,162,170,178,191,201,216,230,236,243,245,247,247,249,243,236,228,220,214,209,209,211,218,224,228,232,236,238,238,240,240,243,243,245,240,238,238,238,240,243,247,251,251,253,251,249,247,243,240,236,234,230,228,228,226,226,228,230,232,234,236,238,238,240,234,228,211,197,189,178,172,168,151,135,0,0,0,0,0,0,0,0,0,0,131,135,151,166,174,182,191,197,207,220,218,218,207,197,191,185,180,178,178,180,182,185,187,187,187,187,185,182,178,176,170,164,155,147,145,145,147,151,155,160,160,158,151,147,137,0,0,0,0,0,0,0,0,0,0,0,0,0,0,0,0,0,0,0,0,0,0,0,0,0,0,0,0,0,0,0,0,0,0,0,0,0,0,0,0,0,0,0,0,0,0,0,0,0,0,0,0,0,0,0,0,0,0,0,0,0,0,0,0,0,0,0,0,0,0,0,0,0,0,0,0,0,0,0,0,0,0,0,0,0,0,0,0,0,0,0,0,0,0,0,0,0,0,0,0,0,0,0,0,0,0,0,0,0,0,0,0,0,0,0,0,0,0,0,0,0,0,0,0,0,0,0,0,0
0,0,0,0,0,0,0,0,0,0,0,0,0,0,0,0,0,0,0,0,0,0,0,0,0,0,0,0,0,0,0,0,0,0,0,0,0,0,0,0,0,0,0,0,0,0,0,0,0,0,0,0,0,0,0,0,0,0,0,0,0,0,0,0,0,0,0,0,0,0,0,0,0,0,0,0,0,0,0,0,0,0,0,0,0,0,0,133,139,145,147,149,151,153,153,155,160,162,162,162,164,164,166,168,164,162,158,153,147,143,141,139,147,158,166,174,185,197,209,224,232,238,243,247,247,247,243,238,232,228,222,218,216,216,220,226,228,232,234,238,240,240,243,245,245,245,243,240,240,238,240,243,247,251,251,251,249,247,243,238,234,232,228,226,224,224,222,222,224,226,230,234,236,240,238,238,230,222,207,193,185,176,170,162,145,129,0,0,0,0,0,0,126,129,129,131,137,145,158,170,178,185,193,201,211,224,222,222,211,201,193,185,180,178,178,180,182,187,187,189,189,191,189,187,182,178,174,170,164,158,158,155,158,160,164,166,166,166,162,158,151,143,0,0,0,0,0,0,0,0,0,0,0,0,0,0,0,0,0,0,0,0,0,0,0,0,0,0,0,0,0,0,0,0,0,0,0,0,0,0,0,0,0,0,0,0,0,0,0,0,0,0,0,0,0,0,0,0,0,0,0,0,0,0,0,0,0,0,0,0,0,0,0,0,0,0,0,0,0,0,0,0,0,0,0,0,0,0,0,0,0,0,0,0,0,0,0,0,0,0,0,0,0,0,0,0,0,0,0,0,0,0,0,0,0,0,0,0,0,0,0,0,0,0,0,0,0,0,0,0
0,0,0,0,0,0,0,0,0,0,0,0,0,0,0,0,0,0,0,0,0,0,0,0,0,0,0,0,0,0,0,0,0,0,0,0,0,0,0,0,0,0,0,0,0,0,0,0,0,0,0,0,0,0,0,0,0,0,0,0,0,0,0,0,0,0,0,0,0,0,0,0,0,0,0,0,0,0,0,0,0,0,0,0,0,0,126,133,141,149,151,155,155,158,158,158,160,162,160,160,160,162,164,166,164,162,155,151,145,141,139,137,145,153,162,170,180,191,205,220,228,236,243,247,247,247,245,243,238,236,230,226,224,222,224,228,230,232,234,238,240,243,245,245,245,245,245,243,240,240,243,245,247,251,249,249,245,243,238,234,230,228,224,222,220,220,218,218,220,224,228,234,236,240,238,238,228,218,203,187,180,174,166,158,141,0,0,0,0,126,129,131,131,133,135,137,145,153,164,174,180,187,195,203,216,228,226,224,214,205,195,187,182,178,180,182,185,187,189,191,193,195,193,189,185,180,178,174,172,168,168,168,168,168,170,174,172,172,172,170,166,160,147,0,0,0,0,0,0,0,0,0,0,0,0,0,0,0,0,0,0,0,0,0,0,0,0,0,0,0,0,0,0,0,0,0,0,0,0,0,0,0,0,0,0,0,0,0,0,0,0,0,0,0,0,0,0,0,0,0,0,0,0,0,0,0,0,0,0,0,0,0,0,0,0,0,0,0,0,0,0,0,0,0,0,0,0,0,0,0,0,0,0,0,0,0,0,0,0,0,0,0,0,0,0,0,0,0,0,0,0,0,0,0,0,0,0,0,0,0,0,0,0,0,0,0,0,0,0,0
0,0,0,0,0,0,0,0,0,0,0,0,0,0,0,0,0,0,0,0,0,0,0,0,0,0,0,0,0,0,0,0,0,0,0,0,0,0,0,0,0,0,0,0,0,0,0,0,0,0,0,0,0,0,0,0,0,0,0,0,0,0,0,0,0,0,0,0,0,0,0,0,0,0,0,0,0,0,0,0,0,0,0,0,0,0,129,137,145,153,155,160,160,160,160,160,162,164,162,162,162,162,162,164,162,160,155,151,145,141,139,137,145,153,162,170,178,189,201,214,224,232,238,247,247,247,245,245,240,238,234,230,228,224,228,230,232,232,236,240,243,245,245,245,245,245,245,245,243,240,243,247,247,249,249,247,243,240,234,230,226,222,220,216,216,216,216,216,218,222,228,234,236,240,238,236,224,211,199,185,178,172,164,153,139,0,0,0,126,135,135,137,137,137,139,143,151,162,170,178,182,189,199,209,220,230,230,228,220,211,199,189,185,180,182,182,187,189,193,195,199,203,199,197,191,187,182,176,174,172,172,172,172,172,174,176,176,176,174,174,168,164,153,145,0,0,0,0,0,0,0,0,0,0,0,0,0,0,0,0,0,0,0,0,0,0,0,0,0,0,0,0,0,0,0,0,0,0,0,0,0,0,0,0,0,0,0,0,0,0,0,0,0,0,0,0,0,0,0,0,0,0,0,0,0,0,0,0,0,0,0,0,0,0,0,0,0,0,0,0,0,0,0,0,0,0,0,0,0,0,0,0,0,0,0,0,0,0,0,0,0,0,0,0,0,0,0,0,0,0,0,0,0,0,0,0,0,0,0,0,0,0,0,0,0,0,0,0,0,0
0,0,0,0,0,0,0,0,0,0,0,0,0,0,0,0,0,0,0,0,0,0,0,0,0,0,0,0,0,0,0,0,0,0,0,0,0,0,0,0,0,0,0,0,0,0,0,0,0,0,0,0,0,0,0,0,0,0,0,0,0,0,0,0,0,0,0,0,0,0,0,0,0,0,0,0,0,0,0,0,0,0,0,0,0,0,133,141,149,158,160,164,164,164,162,162,164,166,166,166,164,164,162,162,160,160,155,151,145,141,139,137,145,153,160,168,176,187,197,209,218,228,236,245,247,249,247,245,243,243,238,236,232,228,230,232,234,234,238,243,245,245,245,245,245,245,245,245,245,243,245,249,249,249,247,247,243,238,232,226,222,218,214,211,211,214,211,211,216,220,226,234,236,238,236,234,220,207,195,182,176,172,162,151,135,0,0,124,133,143,143,143,141,139,145,149,160,168,174,180,187,193,203,214,224,234,234,234,226,218,205,193,189,185,185,185,187,191,195,201,205,211,207,205,199,193,187,180,178,178,178,178,176,176,178,178,178,178,178,176,172,168,162,155,135,0,0,0,0,0,0,0,0,0,0,0,0,0,0,0,0,0,0,0,0,0,0,0,0,0,0,0,0,0,0,145,147,149,147,147,145,143,0,0,0,0,0,0,0,0,0,0,0,0,0,0,0,0,0,0,0,0,0,0,0,0,0,0,0,0,0,0,0,0,0,0,0,0,0,0,0,0,0,0,0,0,0,0,0,0,0,0,0,0,0,0,0,0,0,0,0,0,0,0,0,0,0,0,0,0,0,0,0,0,0,0,0,0,0,0,0,0,0,0,0,0,0,0,0,0
0,0,0,0,0,0,0,0,0,0,0,0,0,0,0,0,0,0,0,0,0,0,0,0,0,0,0,0,0,0,0,0,0,0,0,0,0,0,0,0,0,0,0,0,0,0,0,0,0,0,0,0,0,0,0,0,0,0,0,0,0,0,0,0,0,0,0,0,0,0,0,0,0,0,0,0,0,0,0,0,0,0,0,0,0,131,139,147,153,162,162,164,166,166,166,166,166,168,168,168,166,166,166,164,164,162,158,153,149,143,141,141,147,153,162,168,174,180,193,203,214,224,232,240,245,247,247,245,245,243,240,238,234,232,234,236,236,236,240,243,243,245,243,243,245,245,245,245,245,245,247,249,249,249,247,245,240,236,230,226,220,214,211,207,209,209,209,211,216,218,226,232,234,238,234,230,214,199,191,180,174,168,158,145,135,126,129,131,137,143,145,147,147,147,153,160,166,174,178,185,191,199,209,222,228,236,236,236,228,222,211,199,193,189,187,187,189,193,199,205,211,216,216,216,209,203,195,189,185,182,180,180,180,180,180,180,180,180,180,178,174,172,166,160,139,0,0,0,0,0,0,0,0,0,0,0,0,0,0,0,0,0,0,0,0,0,0,0,0,0,0,0,0,151,158,162,164,164,164,162,162,160,155,153,147,141,0,0,0,0,0,0,0,0,0,0,0,0,0,0,0,0,0,0,0,0,0,0,0,0,0,0,0,0,0,0,0,0,0,0,0,0,0,0,0,0,0,0,0,0,0,0,0,0,0,0,0,0,0,0,0,0,0,0,0,0,0,0,0,0,0,0,0,0,0,0,0,0,0,0,0,0,0,0,0,0,0,0,0,0
0,0,0,0,0,0,0,0,0,0,0,0,0,0,0,0,0,0,0,0,0,0,0,0,0,0,0,0,0,0,0,0,0,0,0,0,0,0,0,0,0,0,0,0,0,0,0,0,0,0,0,0,0,0,0,0,0,0,0,0,0,0,0,0,0,0,0,0,0,0,0,0,0,0,0,135,0,0,0,0,0,0,0,0,126,139,147,155,160,166,166,166,168,168,168,170,170,170,170,170,170,168,168,168,166,164,160,158,151,145,145,143,149,155,162,170,172,176,187,199,209,220,228,238,243,247,245,245,245,245,243,243,238,236,238,238,238,238,240,245,243,243,243,243,245,245,245,245,245,245,247,249,249,251,247,245,240,236,230,224,218,211,207,205,205,207,209,211,214,218,224,232,234,236,230,226,209,193,187,178,172,166,153,141,137,131,135,139,141,145,149,151,153,155,162,168,174,180,182,187,197,205,218,230,234,238,238,238,232,228,218,207,199,193,191,189,193,195,203,209,216,222,224,224,220,216,205,197,193,187,185,182,182,182,182,182,182,182,182,180,178,174,170,164,143,0,0,0,0,0,0,0,0,0,0,0,0,0,0,0,0,0,0,0,0,0,0,0,0,143,151,160,166,174,176,180,180,180,180,178,178,176,174,174,166,160,149,139,0,0,0,0,0,0,0,0,0,0,0,0,0,0,0,0,0,0,0,0,0,0,0,0,0,0,0,0,0,0,0,0,0,0,0,0,0,0,0,0,0,0,0,0,0,0,0,0,0,0,0,0,0,0,0,0,0,0,0,0,0,0,0,0,0,0,0,0,0,0,0,0,0,0,0,0,0,0,0,0,0,0
0,0,0,0,0,0,0,0,0,0,0,0,0,0,0,0,0,0,0,0,0,0,0,0,0,0,0,0,0,0,0,0,0,0,0,0,0,0,0,0,0,0,0,0,0,0,0,0,0,0,0,0,0,0,0,0,0,0,0,0,0,0,0,0,0,0,0,0,0,0,0,147,151,153,153,153,143,135,0,0,0,0,0,0,133,143,149,158,162,166,166,166,166,168,168,170,170,172,172,174,174,172,172,172,170,166,164,160,155,151,149,147,153,158,162,168,172,176,185,193,203,214,222,232,238,243,245,245,245,247,245,243,240,236,238,238,238,238,240,245,243,243,243,243,245,245,245,245,245,245,247,247,249,249,247,247,240,236,230,226,222,216,211,207,207,207,209,211,216,220,226,232,234,236,228,220,205,191,185,178,170,162,151,141,143,143,145,149,151,153,155,160,162,166,170,174,178,185,189,195,205,216,226,236,236,238,238,238,234,232,224,216,209,203,199,197,199,201,207,214,220,226,226,228,224,220,214,205,201,197,193,191,189,189,187,185,182,180,180,178,176,174,170,166,145,0,0,0,0,0,0,0,0,0,0,0,0,0,0,0,0,0,0,0,0,141,143,147,151,155,162,168,172,176,178,182,182,182,182,180,180,178,178,178,172,168,162,155,143,0,0,0,0,0,0,0,0,0,0,0,0,0,0,0,0,0,0,0,0,0,0,0,0,0,0,0,0,0,0,0,0,0,0,0,0,0,0,0,0,0,0,0,0,0,0,0,0,0,0,0,0,0,0,0,0,0,0,0,0,0,0,0,0,0,0,0,0,0,0,0,0,0,0,0,0,0,0,0,0,0
0,0,0,0,0,0,0,0,0,0,0,0,0,0,0,0,0,0,0,0,0,0,0,0,0,0,0,0,0,0,0,0,0,0,0,0,0,0,0,0,0,0,0,0,0,0,0,0,0,0,0,0,0,0,0,0,0,0,0,0,0,0,0,0,0,0,0,0,153,166,170,174,174,174,174,172,162,153,141,129,0,0,0,129,139,149,153,160,164,168,166,166,166,168,170,172,172,174,176,178,178,176,176,176,172,170,166,162,160,158,155,153,155,160,164,168,172,176,182,189,197,205,216,228,234,240,243,247,247,249,247,245,240,238,238,240,240,240,243,245,243,243,243,243,245,247,247,247,245,245,245,247,247,247,247,247,243,236,232,228,224,220,216,211,209,209,211,214,218,222,226,232,234,236,224,214,199,187,182,176,166,158,149,141,149,155,158,160,160,162,164,168,172,176,178,180,185,189,195,203,216,228,234,240,240,240,240,240,236,234,228,224,218,214,209,205,207,207,214,220,224,228,230,232,228,226,220,216,211,207,203,199,197,193,191,189,185,180,178,178,174,172,170,166,147,0,0,0,0,0,0,0,0,0,0,0,0,0,0,0,0,0,141,147,151,158,162,166,168,170,172,174,176,178,180,185,185,185,185,185,182,182,182,182,180,178,174,172,160,147,0,0,0,0,0,0,0,0,0,0,0,0,0,0,0,0,0,0,0,0,0,0,0,0,0,0,0,0,0,0,0,0,0,0,0,0,0,0,0,0,0,0,0,0,0,0,0,0,0,0,0,0,0,0,0,0,0,0,0,0,0,0,0,0,0,0,0,0,0,0,0,0,0,0,0,0,0,0,0,0
0,0,0,0,0,0,0,0,0,0,0,0,0,0,0,0,0,0,0,0,0,0,0,0,0,0,0,0,0,0,0,0,0,0,0,0,0,0,0,0,0,0,0,0,0,0,0,0,0,0,0,0,0,0,0,0,0,0,0,0,0,0,0,0,0,0,0,155,164,170,174,176,178,178,178,176,168,160,151,141,135,129,131,133,141,151,155,160,164,166,166,164,166,166,170,172,174,178,180,182,180,180,180,178,176,176,170,166,164,160,158,155,158,158,160,164,168,172,178,185,193,201,211,222,230,238,243,245,247,247,245,245,240,238,238,240,240,243,243,245,243,243,243,243,245,247,245,245,245,245,245,247,247,247,247,247,243,238,234,232,228,226,222,218,216,214,216,218,222,224,228,234,234,234,220,205,195,182,178,172,162,151,149,147,155,164,166,168,168,170,172,174,176,180,185,187,193,199,207,216,224,234,236,240,240,240,240,238,236,236,232,228,226,222,218,216,216,216,222,226,230,232,232,234,230,226,220,216,211,209,205,201,197,193,191,187,182,178,178,176,174,172,168,162,141,0,0,0,0,0,0,0,0,0,0,0,0,0,0,143,147,153,158,162,166,170,172,174,174,174,176,178,180,185,187,191,191,191,191,191,191,189,187,185,182,180,178,176,168,160,147,135,0,0,0,0,0,0,0,0,0,0,0,0,0,0,0,0,0,0,0,0,0,0,0,0,0,0,0,0,0,0,0,0,0,0,0,0,0,0,0,0,0,0,0,0,0,0,0,0,0,0,0,0,0,0,0,0,0,0,0,0,0,0,0,0,0,0,0,0,0,0,0,0,0,0,0,0,0,0
0,0,0,0,0,0,0,0,0,0,0,0,0,0,0,0,0,0,0,0,0,0,0,0,0,0,0,0,0,0,0,0,0,0,0,0,0,0,0,0,0,0,0,0,0,0,0,0,0,0,0,0,0,0,0,0,0,0,0,0,0,0,0,0,0,155,164,172,174,176,178,180,182,182,182,180,174,168,162,155,147,141,139,137,145,153,158,160,162,164,164,164,166,166,170,174,176,180,182,185,185,185,185,182,182,180,176,172,168,164,162,160,158,158,158,160,164,168,174,182,189,197,207,218,226,236,240,245,245,247,245,245,240,238,240,240,243,245,245,245,243,243,243,243,245,247,245,245,245,245,245,247,247,247,247,247,243,240,236,234,232,232,228,226,222,220,220,222,226,228,232,236,234,232,216,199,189,180,174,168,158,147,151,155,164,172,174,176,176,178,178,180,182,187,191,195,201,209,218,228,234,240,240,243,243,243,240,238,236,236,236,234,232,232,228,226,224,224,228,234,234,236,236,236,230,226,222,218,214,211,207,203,199,193,189,187,182,178,176,174,172,172,166,160,135,0,0,0,0,0,0,0,0,0,0,0,0,143,151,160,164,170,174,178,180,182,182,182,180,178,180,180,185,189,193,197,197,199,199,199,197,195,191,189,185,182,180,180,176,172,162,151,143,133,135,135,141,147,149,153,147,141,0,0,0,0,0,0,0,0,0,0,0,0,0,0,0,0,0,0,0,0,0,0,0,0,0,0,0,0,0,0,0,0,0,0,0,0,0,0,0,0,0,0,0,0,0,0,0,0,0,0,0,0,0,0,0,0,0,0,0,0,0,0,0,0,0,0,0,0
0,0,0,0,0,0,0,0,0,0,0,0,0,0,0,0,0,0,0,0,0,0,0,0,0,0,0,0,0,0,0,0,0,0,0,0,0,0,0,0,0,0,0,0,0,0,0,0,0,0,0,0,0,0,0,0,0,0,0,0,0,0,0,0,151,166,170,176,178,180,182,187,187,187,185,182,176,170,164,160,155,149,145,141,147,153,155,160,162,162,162,162,164,164,170,174,178,180,185,187,189,189,187,187,185,182,178,174,170,166,164,162,160,160,160,160,162,166,172,178,185,193,201,211,222,232,238,243,245,247,245,245,240,238,240,240,243,245,245,245,243,243,243,243,243,245,245,245,245,247,247,247,245,245,245,245,243,243,240,238,236,234,232,232,228,226,226,226,228,230,232,236,230,226,209,193,185,178,170,162,155,149,155,162,166,172,176,178,180,182,182,185,189,195,199,205,214,222,228,236,238,243,240,240,240,240,238,236,236,236,236,236,236,236,234,232,232,230,232,236,234,234,232,230,226,220,216,209,205,203,199,195,191,189,185,182,178,176,174,172,172,170,158,147,0,0,0,0,0,0,0,0,0,0,0,145,151,160,166,170,172,176,178,180,180,182,182,182,182,182,185,187,191,195,197,201,201,203,203,205,205,205,201,199,195,191,187,182,178,176,168,162,155,149,151,153,158,164,166,168,164,160,149,139,0,0,0,0,0,0,0,0,0,0,0,0,0,0,0,0,0,0,0,0,0,0,0,0,0,0,0,0,0,0,0,0,0,0,0,0,0,0,0,0,0,0,0,0,0,0,0,0,0,0,0,0,0,0,0,0,0,0,0,0,0,0,0,0,0,0
0,0,0,0,0,0,0,0,0,0,0,0,0,0,0,0,0,0,0,0,0,0,0,0,0,0,0,0,0,0,0,0,0,0,0,0,0,0,0,0,0,0,0,0,0,0,0,0,0,0,0,0,0,0,0,0,0,0,0,0,0,0,143,164,170,178,178,178,180,185,187,191,191,191,187,185,178,172,168,166,162,158,151,145,149,153,155,160,160,162,162,162,162,162,170,176,178,180,185,189,191,193,191,191,189,187,182,178,174,170,166,164,164,162,162,160,162,164,170,174,182,189,197,205,218,228,234,243,245,247,245,245,243,240,240,243,243,245,245,245,243,243,243,243,243,243,243,243,245,249,247,247,245,245,243,243,245,245,245,243,240,238,238,238,236,234,232,230,232,234,234,236,228,220,203,189,182,176,166,155,153,151,160,168,170,174,178,180,182,185,187,189,195,203,209,218,226,234,240,245,245,245,243,240,240,240,238,236,236,236,236,236,238,240,238,238,238,238,238,238,234,232,228,226,220,216,209,203,199,195,191,187,185,182,180,178,176,174,172,172,170,170,151,135,0,0,0,0,0,0,0,0,0,139,151,166,170,176,180,182,182,182,182,182,182,182,182,185,185,187,189,191,195,199,201,205,205,207,209,211,214,216,214,211,205,199,193,185,182,180,176,174,170,166,168,172,174,178,180,182,180,178,168,160,143,0,0,0,0,0,0,0,0,0,0,0,0,0,0,0,0,0,0,0,0,0,0,0,0,0,0,0,0,0,0,0,0,0,0,0,0,0,0,0,0,0,0,0,0,0,0,0,0,0,0,0,0,0,0,0,0,0,0,0,0,0,0,0,0,0
0,0,0,0,0,0,0,0,0,0,0,0,0,0,0,0,0,0,0,0,0,0,0,0,0,0,0,0,0,0,0,0,0,0,0,0,0,0,0,0,0,0,0,0,0,0,0,0,0,0,0,0,0,0,0,0,0,0,0,0,0,0,155,170,174,180,180,182,187,191,195,199,197,195,191,185,178,172,168,166,162,160,155,149,151,153,158,160,160,160,160,160,160,162,168,176,180,182,187,191,195,197,197,195,193,191,187,185,180,176,172,168,166,164,164,162,164,164,168,172,178,185,195,205,216,228,234,243,243,245,243,243,240,240,240,243,245,245,245,245,243,240,243,243,243,243,243,243,243,245,245,245,245,245,245,245,245,247,247,247,245,243,243,240,240,238,236,236,236,236,234,234,222,211,197,185,176,170,162,153,155,158,164,170,174,176,180,185,187,191,195,199,205,214,220,228,232,238,240,243,240,238,236,234,232,230,230,228,228,228,228,230,230,232,230,230,230,230,230,228,224,222,218,211,207,201,197,193,189,187,182,178,178,178,176,176,174,172,170,168,160,153,135,0,0,0,0,0,0,0,0,0,143,160,166,174,176,178,180,185,182,182,185,185,185,187,189,191,191,193,195,197,201,203,205,207,207,207,209,211,214,216,216,216,214,209,203,197,191,187,182,178,174,172,174,178,180,182,182,182,180,180,174,168,155,141,0,0,0,0,0,0,0,0,0,0,0,0,0,0,0,0,0,0,0,0,0,0,0,0,0,0,0,0,0,0,0,0,0,0,0,0,0,0,0,0,0,0,0,0,0,0,0,0,0,0,0,0,0,0,0,0,0,0,0,0,0,0,0,0
0,0,0,0,0,0,0,0,0,0,0,0,0,0,0,0,0,0,0,0,0,0,0,0,0,0,0,0,0,0,0,0,0,0,0,0,0,0,0,0,0,0,0,0,0,0,0,0,0,0,0,0,0,0,0,0,0,0,0,0,0,162,168,176,178,182,185,187,193,199,203,207,203,201,193,187,180,172,170,166,164,162,158,155,155,155,160,162,162,160,158,158,158,160,168,176,180,185,189,195,197,201,201,201,199,195,193,189,185,182,176,172,170,168,166,164,164,166,168,170,176,182,193,203,216,228,234,243,243,243,243,240,240,240,243,243,245,247,245,243,243,240,243,243,243,240,240,240,243,243,243,243,245,247,245,245,247,247,249,249,247,247,245,245,245,245,243,243,240,240,236,232,218,205,193,180,172,166,160,153,158,164,168,174,176,180,185,189,193,197,203,209,216,224,230,238,240,243,240,240,236,234,230,228,224,222,220,220,220,220,220,222,222,224,224,224,224,224,222,220,216,211,205,199,193,189,185,182,180,178,174,172,172,174,174,174,172,172,168,164,149,137,0,0,0,0,0,0,0,0,0,151,166,180,182,182,182,182,182,185,185,185,187,187,189,191,193,197,199,201,203,205,205,207,207,209,209,209,211,211,214,218,220,222,222,220,214,207,201,193,187,182,180,180,182,185,185,185,182,180,182,185,180,178,166,155,0,0,0,0,0,0,0,0,0,0,0,0,0,0,0,0,0,0,0,0,0,0,0,0,0,0,0,0,0,0,0,0,0,0,0,0,0,0,0,0,0,0,0,0,0,0,0,0,0,0,0,0,0,0,0,0,0,0,0,0,0,0,0,0
0,0,0,0,0,0,0,0,0,0,0,0,0,0,0,0,0,0,0,0,0,0,0,0,0,0,0,0,0,0,0,0,0,0,0,0,0,0,0,0,0,0,0,0,0,0,0,0,0,0,0,0,0,0,0,0,0,0,0,0,151,166,172,176,180,185,189,193,199,207,207,209,205,201,193,187,178,170,168,164,164,162,162,160,160,160,162,164,162,162,160,160,160,162,168,176,180,187,191,197,201,207,207,207,205,201,199,195,191,189,182,176,174,170,168,168,168,168,170,174,180,187,197,207,220,230,236,240,240,240,240,240,240,240,240,243,245,245,243,243,240,238,238,240,240,240,240,240,243,243,243,243,243,245,245,245,245,245,247,247,247,247,245,245,247,247,245,245,243,240,234,228,214,199,187,176,168,162,158,155,162,168,172,174,178,185,189,195,199,205,211,218,224,230,234,236,236,234,232,228,224,220,216,211,209,207,205,203,203,203,205,205,205,207,207,209,207,207,205,205,201,197,193,189,185,182,180,178,178,176,174,172,172,172,172,170,166,160,149,141,0,0,0,0,0,0,0,0,0,0,149,164,174,182,185,185,187,189,189,191,191,193,193,195,195,197,199,203,205,207,209,209,211,211,209,209,209,211,211,211,214,218,220,222,224,224,220,218,211,205,201,197,195,193,195,195,195,197,193,191,189,187,182,180,170,162,135,0,0,0,0,0,0,0,0,0,0,0,0,0,0,0,0,0,0,0,0,0,0,0,0,0,0,0,0,0,0,0,0,0,0,0,0,0,0,0,0,0,0,0,0,0,0,0,0,0,0,0,0,0,0,0,0,0,0,0,0,0,0,0
0,0,0,0,0,0,0,0,0,0,0,0,0,0,0,0,0,0,0,0,0,0,0,0,0,0,0,0,0,0,0,0,0,0,0,0,0,0,0,0,0,0,0,0,0,0,0,0,0,0,0,0,0,0,0,0,0,0,0,153,162,172,174,178,182,187,193,199,205,214,214,214,207,201,193,187,178,170,166,164,164,164,164,164,164,164,164,164,164,166,164,162,162,164,170,176,180,187,193,199,205,214,214,216,211,209,205,201,197,195,187,180,176,174,172,172,170,170,174,176,182,191,201,214,222,232,236,240,240,240,238,238,238,240,240,243,243,245,243,243,240,238,236,236,238,238,238,240,243,245,243,243,243,243,243,243,243,245,245,247,247,247,247,247,247,249,247,247,243,240,232,226,209,193,182,172,166,160,158,158,166,174,174,176,182,189,195,203,207,211,220,226,232,238,236,236,232,228,222,216,211,205,201,197,195,191,189,189,189,189,189,189,189,191,193,195,193,193,191,191,187,185,180,178,176,176,176,176,176,176,174,174,172,172,170,166,158,149,133,0,0,0,0,0,0,0,0,0,137,151,166,178,182,187,187,189,191,195,197,197,199,199,201,201,203,205,207,209,211,214,216,216,216,216,214,211,211,211,211,214,216,218,220,224,226,228,228,226,222,220,216,211,209,207,207,207,207,207,203,201,195,189,185,182,174,168,139,0,0,0,0,0,0,0,0,0,0,0,0,0,0,0,0,0,0,0,0,0,0,0,0,0,0,0,0,0,0,0,0,0,0,0,0,0,0,0,0,0,0,0,0,0,0,0,0,0,0,0,0,0,0,0,0,0,0,0,0,0,0,0
0,0,0,0,0,0,0,0,0,0,0,0,0,0,0,0,0,0,0,0,0,0,0,0,0,0,0,0,0,0,0,0,0,0,0,0,0,0,0,0,0,0,0,0,0,0,0,0,0,0,0,0,0,0,0,0,0,0,145,164,170,176,178,182,187,191,195,201,207,214,214,214,207,201,193,187,176,168,164,162,164,164,164,164,164,164,166,168,170,170,168,164,164,166,172,178,182,189,195,203,209,216,218,220,218,216,214,209,207,203,197,191,187,182,180,178,178,178,182,187,195,201,211,220,228,236,240,243,240,240,238,238,238,240,240,243,243,243,243,243,238,236,236,236,236,238,238,238,240,243,243,243,240,240,243,243,243,245,245,247,247,247,247,245,247,247,247,247,243,240,232,222,205,189,180,172,166,160,162,162,170,176,178,180,187,193,201,207,211,218,224,232,234,236,230,226,218,211,205,199,197,193,191,189,187,187,185,182,182,180,180,182,182,182,185,187,187,187,185,185,182,182,178,176,174,172,172,170,168,168,166,164,158,153,147,141,131,0,0,0,0,0,0,0,0,0,0,0,145,162,172,182,185,189,191,193,197,199,201,201,203,205,205,205,207,207,209,211,214,216,218,218,218,218,216,214,211,211,211,211,214,216,220,224,226,230,230,230,228,226,224,222,222,220,220,218,218,216,211,207,199,191,187,182,174,168,139,0,0,0,0,0,0,0,0,0,0,0,0,0,0,0,0,0,0,0,0,0,0,0,0,0,0,0,0,0,0,0,0,0,0,0,0,0,0,0,0,0,0,0,0,0,0,0,0,0,0,0,0,0,0,0,0,0,0,0,0,0,0,0
0,0,0,0,0,0,0,0,0,0,0,0,0,0,0,0,0,0,0,0,0,0,0,0,0,0,0,0,0,0,0,0,0,0,0,0,0,0,0,0,0,0,0,0,0,0,0,0,0,0,0,0,0,0,0,0,0,143,158,172,176,182,182,185,189,195,199,205,209,214,214,214,207,201,193,187,176,166,164,162,162,164,164,166,166,166,170,172,174,176,172,168,168,168,174,180,187,191,199,205,211,218,220,224,224,224,220,218,216,214,207,203,197,191,189,185,185,187,193,199,205,214,222,228,234,240,243,247,243,240,238,236,238,240,240,243,243,243,243,243,238,236,236,236,236,238,238,238,240,243,243,240,240,240,243,243,245,245,245,247,247,247,247,245,245,247,247,247,243,240,230,220,201,185,178,170,166,162,164,168,172,178,180,185,191,199,205,211,218,224,230,236,236,234,226,216,205,195,189,185,182,182,180,180,180,182,178,176,174,174,174,174,176,176,176,178,178,180,178,178,178,180,178,176,172,170,168,164,162,158,155,153,143,135,0,0,0,0,0,0,0,0,0,0,0,0,0,137,155,174,180,187,189,191,195,199,201,205,205,207,207,209,209,211,211,211,214,214,216,218,220,220,222,222,220,218,214,211,211,211,214,216,220,224,228,232,232,234,232,232,232,234,234,234,232,230,228,226,220,214,203,193,187,182,174,168,139,0,0,0,135,153,160,166,166,166,158,147,0,0,0,0,0,0,0,0,0,0,0,0,0,0,0,0,0,0,0,0,0,0,0,0,0,0,0,0,0,0,0,0,0,0,0,0,0,0,0,0,0,0,0,0,0,0,0,0,0,0,0,0
0,0,0,0,0,0,0,0,0,0,0,0,0,0,0,0,0,0,0,0,0,0,0,0,0,0,0,0,0,0,0,0,0,0,0,0,0,0,0,0,0,0,0,0,0,0,0,0,0,0,0,0,0,0,0,0,0,153,166,176,180,182,185,187,191,195,201,207,209,214,211,211,207,201,193,187,176,166,164,160,162,162,164,166,168,170,172,176,176,178,174,172,172,174,178,185,189,195,201,209,214,220,222,226,228,228,226,224,222,220,216,214,207,203,201,199,201,201,207,214,218,222,228,232,238,243,245,245,243,240,238,238,238,240,240,240,240,240,240,240,238,236,236,236,236,236,236,238,238,240,240,240,240,240,240,243,243,245,245,245,245,247,245,245,245,245,245,245,243,240,230,218,201,187,178,172,168,166,168,172,176,182,187,191,199,209,214,218,224,228,232,236,232,228,216,203,189,176,170,162,164,166,166,168,168,166,164,162,162,160,160,162,162,164,164,166,166,168,168,168,168,168,164,162,158,153,151,147,145,141,137,133,0,0,0,0,0,0,0,0,0,0,0,0,0,0,0,145,162,176,180,187,189,193,197,199,201,205,205,207,209,209,211,214,214,216,216,216,218,218,220,222,224,226,224,222,218,214,211,211,214,216,220,222,228,232,232,234,234,234,234,236,234,234,232,228,226,224,216,209,201,191,187,182,172,164,139,0,0,133,149,168,170,172,172,172,168,164,153,145,0,0,0,0,0,0,0,0,0,0,0,0,0,0,0,0,0,0,0,0,0,0,0,0,0,0,0,0,0,0,0,0,0,0,0,0,0,0,0,0,0,0,0,0,0,0,0,0,0,0
0,0,0,0,0,0,0,0,0,0,0,0,0,0,0,0,0,0,0,0,0,0,0,0,0,0,0,0,0,0,0,0,0,0,0,0,0,0,0,0,0,0,0,0,0,0,0,0,0,0,0,0,0,0,0,0,149,166,174,182,182,185,187,191,193,197,203,209,211,214,211,211,205,201,195,187,176,168,164,160,160,162,164,166,170,172,176,182,180,178,178,176,178,180,182,187,193,201,205,211,216,222,226,230,232,234,232,232,228,226,226,224,220,216,216,214,216,218,224,230,230,232,234,238,243,247,245,245,243,240,238,238,238,240,238,238,238,240,240,240,238,236,236,238,236,236,236,238,238,240,238,238,238,240,240,240,243,243,245,245,245,245,245,243,243,245,245,245,243,243,230,218,203,187,180,174,172,170,174,176,180,185,191,199,207,218,222,224,228,234,234,236,228,222,205,191,174,158,149,141,145,149,151,155,153,151,149,149,147,145,147,149,149,151,151,153,155,158,158,158,155,155,151,147,143,139,135,133,0,0,0,0,0,0,0,0,0,0,0,0,0,0,0,0,0,0,0,155,168,180,182,187,191,195,199,201,203,205,205,207,209,211,214,216,218,218,218,220,218,218,220,224,226,228,226,226,222,218,214,211,214,216,220,222,228,232,234,236,236,236,236,238,236,234,230,228,224,222,214,207,199,191,187,185,172,160,139,0,135,151,166,180,180,180,180,180,178,178,174,172,160,149,0,0,0,0,0,0,0,0,0,0,0,0,0,0,0,0,0,0,0,0,0,0,0,0,0,0,0,0,0,0,0,0,0,0,0,0,0,0,0,0,0,0,0,0,0,0,0,0
0,0,0,0,0,0,0,0,0,0,0,0,0,0,0,0,0,0,0,0,0,0,0,0,0,0,0,0,0,0,0,0,0,0,0,0,0,0,0,0,0,0,0,0,0,0,0,0,0,0,0,0,0,0,135,149,160,172,176,182,185,185,189,193,195,199,203,207,209,214,214,214,209,205,197,189,178,170,166,160,162,162,164,168,172,176,182,187,185,185,185,182,185,187,189,191,197,203,209,214,220,226,230,234,234,236,236,234,232,230,230,230,226,224,224,224,226,228,232,236,234,234,236,238,240,245,245,245,240,238,238,238,238,240,238,238,238,238,238,240,238,236,236,236,236,236,236,238,238,240,238,238,238,238,238,238,240,240,243,245,245,245,243,243,243,243,243,243,243,243,232,222,207,195,187,178,178,176,180,185,191,197,203,209,216,224,226,230,232,234,234,232,222,214,199,185,168,151,139,129,131,135,135,137,135,135,133,133,133,133,133,135,135,135,137,137,137,139,137,137,137,135,0,0,0,0,0,0,0,0,0,0,0,0,0,0,0,0,0,0,0,0,0,0,0,0,0,162,170,180,185,189,193,197,199,201,203,205,205,205,207,209,211,216,216,218,218,220,220,220,222,226,226,228,228,226,224,220,218,216,218,218,220,222,228,232,234,236,236,236,236,236,234,232,228,224,222,220,211,203,195,187,185,182,168,153,137,0,141,158,170,180,182,182,182,182,180,180,178,176,170,162,145,0,0,0,0,0,0,0,0,0,0,0,0,0,0,0,0,0,0,0,0,0,0,0,0,0,0,0,0,0,0,0,0,0,0,0,0,0,0,0,0,0,0,0,0,0,0,0
0,0,0,0,0,0,0,0,0,0,0,0,0,0,0,0,0,0,0,0,0,0,0,0,0,0,0,0,0,0,0,0,0,0,0,0,0,0,0,0,0,0,0,0,0,0,0,0,0,0,0,0,0,143,153,164,170,178,180,182,185,187,191,195,197,201,203,205,209,214,216,218,214,207,199,189,180,172,168,162,162,164,166,170,176,182,187,191,191,191,191,191,191,193,193,195,199,205,211,218,224,230,234,238,238,240,238,238,236,236,236,236,234,232,232,232,234,236,240,243,238,236,236,238,240,243,243,243,240,236,236,236,238,240,238,236,238,238,238,240,238,238,236,236,236,236,236,238,238,240,238,238,236,236,236,236,238,240,243,245,245,245,243,243,243,243,243,243,243,243,234,226,214,201,193,185,185,185,189,193,201,209,214,220,224,230,232,234,236,236,232,228,218,207,193,180,162,145,131,0,0,0,0,0,0,0,0,0,0,0,0,0,0,0,0,0,0,0,0,0,0,0,0,0,0,0,0,0,0,0,0,0,0,0,0,0,0,0,0,0,0,0,0,0,0,0,141,168,174,180,187,193,197,201,201,203,203,205,205,205,207,209,211,214,216,218,218,220,222,224,226,228,228,230,228,228,226,224,222,222,220,220,222,224,228,234,236,238,238,238,236,234,232,228,224,222,220,218,209,201,191,182,182,180,164,147,135,0,145,166,172,180,182,187,185,185,185,182,182,180,178,176,162,149,0,0,0,0,0,0,0,0,0,0,0,0,0,0,0,0,0,0,0,0,0,0,0,0,0,0,0,0,0,0,0,0,0,0,0,0,0,0,0,0,0,0,0,0,0,0
0,0,0,0,0,0,0,0,0,0,0,0,0,0,0,0,0,0,0,0,0,0,0,0,0,0,0,0,0,0,0,0,0,0,0,0,0,0,0,0,0,0,0,0,0,0,0,0,0,0,0,0,139,149,160,168,176,182,185,187,189,193,195,197,199,201,203,205,209,216,218,220,218,214,205,195,187,178,170,164,164,164,166,170,176,185,189,195,197,199,199,199,199,199,199,201,205,209,216,220,226,232,234,238,238,238,238,240,238,238,236,236,236,234,234,234,236,240,240,243,238,236,238,238,240,243,243,245,240,236,236,236,238,238,238,236,238,238,238,238,238,236,236,236,236,236,236,238,238,238,238,236,236,234,236,238,238,240,243,243,243,243,243,240,243,243,243,245,243,243,236,230,222,211,205,197,199,199,205,209,216,220,224,226,230,234,234,236,234,234,228,222,211,201,189,178,164,149,135,0,0,0,0,0,0,0,0,0,0,0,0,0,0,0,0,0,0,0,0,0,0,0,0,0,0,0,0,0,0,0,0,0,0,0,0,0,0,0,0,0,0,0,0,0,0,0,141,168,174,180,187,195,199,203,203,203,205,205,205,205,205,205,207,209,211,211,214,218,220,224,224,226,228,230,230,230,228,228,226,224,224,222,224,226,230,234,236,240,240,240,236,234,230,226,222,218,216,216,205,197,189,182,178,176,158,139,135,131,149,170,174,180,185,189,189,191,189,189,185,182,182,180,170,162,0,0,0,0,0,0,0,0,0,0,0,0,0,0,0,0,0,0,0,0,0,0,0,0,0,0,0,0,0,0,0,0,0,0,0,0,0,0,0,0,0,0,0,0,0,0
0,0,0,0,0,0,0,0,0,0,0,0,0,0,0,0,0,0,0,0,0,0,0,0,0,0,0,0,0,0,0,0,0,0,0,0,0,0,0,0,0,0,0,0,0,0,0,0,0,0,0,139,147,155,166,174,180,187,189,193,195,197,199,201,201,203,205,207,211,218,220,224,222,220,211,201,193,182,174,166,164,164,168,172,178,187,193,199,203,205,205,207,205,205,205,207,211,216,220,224,228,234,236,240,238,238,240,240,240,240,238,238,238,238,238,238,240,243,243,240,238,238,238,240,240,243,245,245,240,238,236,236,238,238,238,236,238,240,238,238,236,236,236,236,236,236,236,238,238,238,236,236,236,234,236,238,240,240,243,243,243,240,240,240,243,245,245,245,243,243,238,236,230,224,218,211,214,216,222,226,230,232,234,234,236,238,238,238,234,232,224,218,205,195,185,176,164,153,139,126,0,0,0,0,0,0,131,133,133,135,135,135,0,0,0,0,0,0,0,0,0,0,0,0,0,0,141,158,164,170,0,0,0,0,0,0,0,0,0,0,0,0,0,0,0,0,141,166,172,180,189,197,201,205,205,205,205,207,207,207,205,203,205,205,207,207,211,214,220,224,224,226,228,230,232,232,232,230,228,228,226,226,228,230,232,236,238,243,240,240,238,234,230,224,220,216,214,211,203,193,187,182,176,172,151,133,135,137,155,176,178,180,187,193,195,197,195,193,189,187,187,187,180,174,155,0,0,0,0,0,0,0,0,0,0,0,0,0,0,0,0,0,0,0,0,0,0,0,0,0,0,0,0,0,0,0,0,0,0,0,0,0,0,0,0,0,0,0,0,0
0,0,0,0,0,0,0,0,0,0,0,0,0,0,0,0,0,0,0,0,0,0,0,0,0,0,0,0,0,0,0,0,0,0,0,0,0,0,0,0,0,0,0,0,0,0,0,0,0,0,0,141,151,162,170,178,185,191,193,197,199,201,203,205,205,207,207,209,214,220,222,226,226,226,218,211,201,191,182,172,170,166,170,174,182,189,197,203,207,211,214,216,214,214,214,214,218,220,224,226,230,234,236,238,236,236,238,238,238,238,240,240,238,238,238,238,240,243,243,240,240,240,240,240,243,243,245,245,243,238,238,238,238,236,236,236,236,238,238,238,236,234,234,236,236,236,236,236,236,234,234,234,234,234,236,238,238,240,240,243,243,240,240,240,243,243,243,243,240,240,236,234,232,230,226,224,224,226,230,232,234,234,234,236,236,236,236,234,230,226,218,207,199,189,180,174,164,155,141,0,0,0,0,0,0,0,0,133,135,137,139,141,137,0,0,0,0,0,0,0,0,0,0,0,0,145,155,164,166,170,168,168,164,0,0,0,0,0,0,0,0,0,0,0,0,0,0,160,170,178,187,195,201,207,207,209,209,209,207,207,205,203,203,203,203,205,207,209,216,220,222,224,226,228,230,232,232,232,232,232,230,230,230,232,234,236,238,243,243,243,238,234,228,224,220,216,211,209,199,191,187,180,174,168,149,129,135,141,160,176,180,185,191,197,199,201,199,197,193,189,189,187,182,176,162,149,0,0,0,0,0,0,0,0,0,0,0,0,0,0,0,0,0,0,0,0,0,0,0,0,0,0,0,0,0,0,0,0,0,0,0,0,0,0,0,0,0,0,0,0
0,0,0,0,0,0,0,0,0,0,0,0,0,0,0,0,0,0,0,0,0,0,0,0,0,0,0,0,0,0,0,0,0,0,0,0,0,0,0,0,0,0,0,0,0,0,0,0,0,0,133,145,155,168,176,185,189,195,199,203,205,207,207,209,209,211,211,211,216,222,224,228,230,232,226,222,211,201,189,178,174,170,174,178,185,193,199,207,214,220,222,224,222,220,220,222,224,226,228,230,232,234,234,236,234,234,236,236,238,238,240,243,240,240,240,240,243,245,243,243,243,245,243,243,243,243,245,245,243,240,240,240,238,236,234,234,236,238,238,238,236,234,234,236,236,238,236,236,234,232,232,234,232,232,236,238,238,240,240,243,243,243,243,243,243,243,240,240,238,238,236,234,234,236,236,236,236,236,238,240,238,236,236,236,236,236,234,232,226,220,209,199,191,182,178,172,164,158,141,0,0,0,0,0,0,0,0,133,137,141,143,147,143,139,0,0,0,0,0,0,0,0,0,0,145,166,168,172,170,170,168,168,168,168,164,162,0,0,0,0,0,0,0,0,0,0,0,153,166,178,185,193,201,209,211,211,211,211,209,209,207,203,201,201,201,201,203,207,211,216,220,222,224,228,228,230,232,236,236,236,236,234,234,234,234,236,238,243,243,243,238,232,228,224,220,216,211,207,197,189,185,180,172,164,145,126,137,147,164,178,182,189,195,203,205,207,203,201,197,193,191,189,185,180,170,160,0,0,0,0,0,0,0,0,0,0,0,0,0,0,0,0,0,0,0,0,0,0,0,0,0,0,0,0,0,0,0,0,0,0,0,0,0,0,0,0,0,0,0,0
0,0,0,0,0,0,0,0,0,0,0,0,0,0,0,0,0,0,0,0,0,0,0,0,0,0,0,0,0,0,0,0,0,0,0,0,0,0,0,0,0,0,0,0,0,0,0,0,0,133,145,158,166,174,180,189,193,197,201,205,207,209,211,214,214,216,216,214,220,226,228,230,232,232,230,228,220,214,203,193,187,180,185,187,191,197,205,214,218,222,226,228,226,226,226,226,228,228,230,232,232,232,232,230,230,230,232,234,234,236,238,240,238,238,240,240,243,245,243,243,243,245,243,243,243,243,243,245,243,240,240,238,236,234,234,232,234,236,236,236,234,232,232,234,234,236,234,234,232,232,232,232,232,232,234,236,236,238,238,238,238,238,238,238,240,240,240,238,238,236,236,236,236,236,236,236,236,236,238,238,236,236,234,234,234,232,228,226,216,207,199,191,185,178,174,168,160,149,135,0,0,0,0,0,0,0,0,0,0,0,0,137,0,0,0,0,0,0,0,0,0,0,0,0,160,189,187,182,176,172,170,168,168,168,166,164,164,162,0,0,0,0,0,0,0,0,0,145,160,172,180,187,195,205,209,214,214,216,214,211,209,205,205,203,203,201,203,205,209,214,218,222,224,226,228,230,234,236,236,236,236,236,236,236,236,238,238,240,243,243,238,234,228,222,218,211,207,201,195,187,182,180,168,158,141,126,141,153,166,178,185,191,199,207,207,209,207,203,199,195,193,189,187,182,172,164,147,0,0,0,0,0,0,0,0,0,0,0,0,0,0,0,0,0,0,0,0,0,0,0,0,0,0,0,0,0,0,0,0,0,0,0,0,0,0,0,0,0,0,0
0,0,0,0,0,0,0,0,0,0,0,0,0,0,0,0,0,0,0,0,0,0,0,0,0,0,0,0,0,0,0,0,0,0,0,0,0,0,0,0,0,0,0,0,0,0,0,0,135,147,158,170,174,180,187,193,197,201,205,209,211,214,216,218,220,220,220,218,224,230,230,232,232,234,234,236,230,226,216,205,199,193,193,195,199,203,209,218,222,226,230,232,232,232,230,230,230,232,234,236,234,232,228,226,226,226,228,230,232,232,234,238,238,238,240,243,243,245,243,243,243,245,243,243,240,240,243,245,243,243,240,238,236,234,232,232,232,234,234,234,232,232,232,232,232,234,234,234,232,232,232,232,232,232,232,234,234,236,236,236,236,236,236,236,238,238,238,238,236,236,236,238,236,236,236,238,238,238,238,238,236,234,234,232,230,230,224,220,207,197,189,180,176,174,170,166,153,143,0,0,0,0,0,0,0,0,0,0,0,0,0,0,0,0,0,0,0,0,0,0,0,0,0,141,176,211,203,195,185,174,172,170,170,170,168,168,168,168,168,168,0,0,0,0,0,0,0,137,153,168,174,180,191,201,209,216,218,220,216,214,211,209,207,205,203,203,203,203,207,209,216,220,224,226,228,232,234,238,236,236,236,236,238,240,240,240,238,238,240,245,240,236,230,222,216,209,203,197,191,187,182,180,164,149,139,129,145,162,170,178,185,193,201,211,211,214,209,205,201,197,195,191,187,185,176,168,153,0,0,0,0,0,0,0,0,0,0,0,0,0,0,0,0,0,0,0,0,0,0,0,0,0,0,0,0,0,0,0,0,0,0,0,0,0,0,0,0,0,0,0
0,0,0,0,0,0,0,0,0,0,0,0,0,0,0,0,0,0,0,0,0,0,0,0,0,0,0,0,0,0,0,0,0,0,0,0,0,0,0,0,0,0,0,0,0,133,137,143,151,160,168,174,180,185,189,195,199,203,207,209,211,216,216,218,220,220,220,220,224,230,230,232,234,234,234,234,232,228,222,216,211,205,203,203,207,209,216,222,226,230,232,236,234,234,234,232,232,232,234,236,232,230,226,222,222,222,224,226,228,230,232,234,236,238,240,243,243,243,243,243,245,245,245,243,243,240,243,245,240,238,238,236,236,234,234,232,232,234,234,234,234,234,232,232,232,234,234,234,232,232,230,230,232,232,234,234,234,234,234,234,234,234,234,234,236,238,238,238,238,238,238,238,238,238,238,238,238,238,236,236,236,234,232,232,228,224,216,209,199,191,182,176,172,168,162,158,145,133,0,0,0,0,0,0,0,0,0,0,0,135,137,141,141,143,141,139,0,0,0,0,0,0,0,145,178,209,203,197,187,176,174,172,172,172,170,168,168,168,168,168,166,164,0,0,0,0,0,0,143,162,168,176,185,193,201,209,214,220,220,220,216,214,211,209,209,207,207,207,209,211,216,220,222,224,228,230,232,236,236,236,236,236,238,240,240,240,240,238,240,243,240,238,230,222,214,205,199,193,189,182,178,176,160,145,139,135,149,166,172,180,189,197,205,214,211,211,209,205,201,199,195,191,189,185,178,172,160,147,0,0,0,0,0,0,0,0,0,0,0,0,0,0,0,0,0,0,0,0,0,0,0,0,0,0,0,0,0,0,0,0,0,0,0,0,0,0,0,0,0,0
0,0,0,0,0,0,0,0,0,0,0,0,0,0,0,0,0,0,0,0,0,0,0,0,0,0,0,0,0,0,0,0,0,0,0,0,0,0,0,0,0,0,137,143,147,151,158,164,168,174,176,180,185,189,193,199,201,205,207,211,214,216,218,218,220,220,222,222,226,230,230,232,234,236,234,234,234,232,230,228,222,218,216,214,216,218,222,226,230,234,236,240,238,236,236,236,234,234,234,236,232,228,224,220,218,218,220,222,224,228,230,232,234,236,238,243,240,240,243,245,245,245,245,245,243,240,243,243,240,236,236,234,234,236,234,232,232,232,232,234,234,234,234,234,234,234,234,234,232,232,230,230,232,234,234,234,234,234,234,234,232,232,232,234,236,238,238,238,240,240,240,240,238,238,238,240,238,238,236,236,234,234,232,230,224,218,209,201,193,185,176,170,168,164,155,149,137,0,0,0,0,0,0,0,0,0,137,143,145,149,151,153,155,155,153,153,145,137,0,0,0,0,0,151,178,207,203,197,187,178,176,176,174,174,172,170,168,168,168,168,166,164,160,155,0,0,0,0,0,155,164,172,178,182,193,203,211,220,222,224,220,218,216,216,214,214,211,209,211,211,216,218,220,224,226,230,232,234,234,234,236,236,238,240,240,243,240,240,240,243,240,238,230,220,211,203,195,189,185,180,176,172,155,141,141,141,155,172,176,182,193,203,209,216,214,211,207,205,203,199,195,191,189,187,180,176,166,155,147,0,0,0,0,0,0,0,0,0,0,0,0,0,0,0,0,0,0,0,0,0,0,0,0,0,0,0,0,0,0,0,0,0,0,0,0,0,0,0,0,0
0,0,0,0,0,0,0,0,0,0,0,0,0,0,0,0,0,0,0,0,0,0,0,0,0,0,0,0,0,0,0,0,0,0,0,0,0,0,0,0,0,147,151,155,158,162,166,170,172,176,178,182,187,191,195,199,203,205,207,209,211,214,214,214,216,216,218,220,224,228,230,232,232,234,232,232,230,230,230,228,226,226,224,222,222,222,226,228,230,234,236,240,238,236,236,236,234,234,234,234,232,228,224,220,218,218,220,222,224,226,228,230,232,234,236,238,240,240,243,245,245,247,245,245,243,240,240,240,238,234,234,232,232,234,232,232,232,234,234,236,236,236,236,236,236,238,238,238,236,236,234,234,234,236,236,236,236,236,234,234,232,232,234,234,236,238,238,238,238,240,240,240,240,240,240,240,238,236,236,236,234,234,232,228,222,214,203,195,187,178,172,168,162,155,147,139,131,0,0,0,0,0,131,135,141,145,151,155,158,160,160,162,164,164,164,162,158,151,137,0,0,0,0,147,168,187,187,185,180,178,178,178,176,174,172,170,170,170,170,170,166,164,160,153,135,0,0,0,0,141,153,168,174,178,187,195,203,211,216,222,222,222,220,220,220,218,216,216,216,216,218,218,220,222,224,228,230,232,232,232,236,238,238,240,243,243,240,238,240,243,240,240,230,220,209,199,191,185,180,176,172,168,155,143,147,149,162,174,180,187,197,207,211,216,211,209,205,201,199,197,193,189,185,182,178,174,170,164,160,155,151,145,0,0,0,0,0,0,0,0,0,0,0,0,0,0,0,0,0,0,0,0,0,0,0,0,0,0,0,0,0,0,0,0,0,0,0,0,0,0
0,0,0,0,0,0,0,0,0,0,0,0,0,0,0,0,0,0,0,0,0,0,0,0,0,0,0,0,0,0,0,0,0,0,0,0,0,0,0,155,160,164,166,168,170,172,174,176,176,178,180,185,189,193,197,201,203,205,207,209,209,211,209,209,211,214,216,220,222,226,228,230,232,232,230,228,228,228,228,230,232,232,232,230,230,228,230,230,232,234,238,240,238,238,236,236,234,232,234,234,230,228,224,222,220,218,218,220,224,226,228,230,230,232,234,236,238,240,243,247,247,249,247,245,243,240,238,238,236,232,232,230,232,232,232,232,232,234,236,238,238,238,238,240,240,243,243,243,240,238,238,238,238,240,240,240,238,238,236,234,234,234,234,236,236,236,236,236,238,240,240,240,240,240,240,240,236,234,234,236,234,234,230,228,218,209,199,189,182,174,170,164,155,147,137,0,0,0,0,0,135,141,147,151,158,162,164,168,168,170,170,172,172,172,172,172,168,166,153,141,0,0,133,145,155,168,170,174,176,178,180,182,178,174,172,172,172,174,172,172,168,166,160,153,135,0,0,0,0,0,145,164,170,176,180,185,193,201,209,218,222,226,226,226,224,224,222,220,220,220,220,220,220,222,224,226,226,228,230,232,236,240,240,243,243,243,240,238,240,243,243,243,230,220,207,195,187,180,176,174,168,164,153,145,153,160,170,178,185,193,203,214,214,216,211,207,201,197,195,193,189,187,182,180,176,174,172,172,172,174,170,166,155,145,0,0,0,0,0,0,0,0,0,0,0,0,0,0,0,0,0,0,0,0,0,0,0,0,0,0,0,0,0,0,0,0,0,0,0,0
0,0,0,0,0,0,0,0,0,0,0,0,0,0,0,0,0,0,0,0,0,0,0,0,0,0,0,0,0,0,0,0,0,0,0,0,0,143,153,164,166,168,170,170,172,172,174,174,176,178,182,185,189,193,197,201,201,203,205,207,207,207,205,203,203,203,207,211,216,220,222,226,226,228,226,226,224,224,226,226,228,228,228,230,228,228,228,228,230,230,234,238,238,238,236,234,232,232,232,232,230,228,226,224,222,220,222,222,226,228,230,232,232,234,234,236,238,240,243,245,247,247,245,245,240,238,236,236,234,232,230,230,232,234,234,236,236,238,238,240,238,238,238,240,240,243,240,240,238,238,238,238,238,238,240,240,240,240,238,236,236,236,236,236,236,236,236,236,238,240,240,240,240,238,238,238,236,234,234,236,234,234,230,226,216,205,197,187,180,172,168,162,153,145,139,131,129,0,131,135,141,145,149,153,160,164,164,166,168,168,170,170,172,172,170,170,168,166,158,147,135,0,133,143,155,166,170,174,176,180,180,182,178,174,174,174,172,172,170,170,168,166,158,149,129,0,0,0,0,0,0,149,160,170,174,180,187,193,199,207,214,220,222,224,226,228,226,224,224,222,222,222,222,224,224,226,226,228,230,230,234,238,240,240,240,243,240,238,240,243,243,243,232,222,207,193,185,178,174,170,166,160,155,151,160,166,174,182,191,199,207,216,214,214,209,205,199,195,191,189,187,182,180,180,178,176,176,174,176,178,176,174,168,160,143,0,0,0,0,0,0,0,0,0,0,0,0,0,0,0,0,0,0,0,0,0,0,0,0,0,0,0,0,0,0,0,0,0,0,0
0,0,0,0,0,0,0,0,0,0,0,0,0,0,0,0,0,0,0,0,0,0,0,0,0,0,0,0,0,0,0,0,0,0,0,0,149,164,168,172,172,174,174,174,174,172,174,174,176,180,182,187,191,195,197,201,201,203,203,203,203,203,199,197,195,195,201,205,209,214,216,220,222,222,222,224,222,222,222,222,224,226,226,228,228,228,228,228,228,228,232,236,236,238,236,234,232,232,232,232,230,228,228,228,226,222,224,226,228,230,232,234,234,236,236,236,238,240,243,245,245,247,245,243,238,236,234,234,232,230,230,230,232,236,238,240,240,240,240,240,240,240,240,240,240,243,240,238,238,238,238,238,238,238,240,243,243,243,240,240,238,238,236,236,236,236,236,236,238,240,240,243,240,238,236,236,234,234,234,236,234,234,228,224,214,203,193,185,178,172,166,160,151,143,139,135,133,133,137,141,145,151,153,158,162,166,166,166,166,168,168,170,172,172,170,168,168,168,160,153,139,0,133,143,153,166,170,174,178,182,182,182,180,176,176,174,172,170,170,168,166,166,155,147,0,0,0,0,0,0,0,135,149,166,170,174,178,185,191,197,205,214,218,224,226,230,230,230,228,226,224,224,224,224,226,226,226,228,228,230,234,238,238,240,240,243,240,240,240,243,243,245,234,224,207,193,182,174,170,168,162,158,158,160,166,174,178,185,195,205,211,218,214,211,207,203,197,193,189,185,182,180,180,180,178,178,178,178,180,182,182,185,178,174,158,0,0,0,0,0,0,0,0,0,0,0,0,0,0,0,0,0,0,0,0,0,0,0,0,0,0,0,0,0,0,0,0,0,0,0
0,0,0,0,0,0,0,0,0,0,0,0,0,0,0,0,0,0,0,0,0,0,0,0,0,0,0,0,0,0,0,0,0,0,0,147,158,168,172,174,174,174,174,174,172,170,172,174,176,178,182,187,191,197,199,201,203,203,203,201,201,199,197,193,191,189,193,199,201,205,209,211,214,214,216,218,216,216,216,216,216,218,218,220,220,222,222,222,222,224,228,232,234,236,234,234,232,232,232,232,232,232,232,232,230,228,228,230,230,230,232,236,236,238,236,236,238,238,238,240,240,243,240,238,236,232,232,232,232,232,232,234,236,238,240,240,240,238,238,238,236,236,236,236,236,238,236,236,234,234,234,234,234,234,236,238,240,240,240,240,240,240,238,236,236,236,234,234,234,236,236,238,236,236,236,236,234,234,234,234,234,234,230,226,216,205,197,187,180,174,168,162,155,151,147,143,141,141,143,145,149,153,155,160,162,166,166,168,168,168,170,174,174,176,174,172,170,168,162,155,143,131,139,147,158,168,172,176,180,185,182,182,180,178,176,176,172,170,168,166,164,164,151,139,0,0,0,0,0,0,0,0,141,153,160,168,172,178,182,187,195,203,209,216,220,226,228,230,228,228,228,228,226,226,226,226,226,228,228,228,232,234,236,238,240,240,240,240,240,240,243,243,236,230,214,197,187,174,170,166,164,162,164,166,172,178,185,191,201,211,216,218,214,207,203,199,195,191,187,182,182,182,182,182,182,182,185,185,187,187,187,185,182,178,166,153,0,0,0,0,0,0,0,0,0,0,0,0,0,0,0,0,0,0,0,0,0,0,0,0,0,0,0,0,0,0,0,0,0,0
0,0,0,0,0,0,0,0,0,0,0,0,0,0,0,0,0,0,0,0,0,0,0,0,0,0,0,0,0,0,0,0,0,0,149,162,168,174,176,178,176,176,174,172,170,168,170,174,176,178,182,187,193,199,201,203,203,205,203,201,199,197,193,191,187,185,187,191,195,199,201,203,205,207,209,211,209,209,209,207,209,209,209,211,211,214,216,216,218,222,224,228,230,234,234,234,234,232,232,234,234,234,236,236,234,232,232,234,232,232,234,238,238,240,238,238,236,236,236,236,236,236,234,234,232,230,230,230,232,234,234,236,238,243,243,243,240,238,236,234,232,232,232,232,232,234,234,234,232,232,232,232,232,232,234,236,238,240,240,243,243,243,240,238,236,236,234,232,232,232,232,234,234,234,234,234,234,234,234,234,234,234,230,228,218,207,199,191,182,176,170,164,162,158,155,153,151,149,151,151,155,158,160,162,164,166,168,170,170,170,174,176,178,180,178,174,172,170,166,160,147,137,145,153,162,170,174,176,180,185,185,182,180,178,178,178,174,170,166,164,162,162,147,133,0,0,0,0,0,0,0,0,131,143,151,160,166,172,176,178,185,193,201,209,216,222,226,230,230,232,232,232,230,228,226,226,228,228,228,226,228,232,234,236,238,240,240,240,240,238,240,243,238,234,220,203,189,176,170,166,166,168,170,174,178,182,191,199,207,218,218,220,211,205,201,197,193,191,187,182,182,182,185,185,187,189,189,191,193,193,191,187,187,185,174,164,143,0,0,0,0,0,0,0,0,0,0,0,0,0,0,0,0,0,0,0,0,0,0,0,0,0,0,0,0,0,0,0,0,0
0,0,0,0,0,0,0,0,0,0,0,0,0,0,0,0,0,0,0,0,0,0,0,0,0,0,0,0,0,0,0,0,0,147,155,164,168,174,174,176,174,172,170,168,166,166,168,172,174,178,182,189,195,201,203,205,207,209,207,207,205,201,197,195,189,185,187,189,193,197,197,199,201,201,203,203,203,201,201,203,201,201,203,203,205,205,207,209,214,218,222,226,230,234,234,236,234,234,234,236,236,236,236,238,236,234,234,236,234,232,234,236,236,238,236,236,234,232,232,232,234,234,232,232,232,232,230,228,230,232,234,234,236,240,240,240,236,234,234,232,232,232,232,232,234,234,234,232,232,232,230,228,228,228,228,230,232,234,238,240,240,240,240,238,238,238,234,232,230,230,232,234,234,234,234,234,234,234,236,236,236,236,232,228,220,211,203,195,187,180,174,168,166,164,162,160,158,155,155,155,158,160,160,162,164,166,168,170,172,174,176,180,180,182,180,176,174,170,166,162,153,147,151,158,164,170,174,178,182,187,185,185,182,180,178,176,172,168,166,164,160,155,143,131,122,0,0,0,0,129,131,133,137,143,147,153,160,166,170,174,178,185,191,199,207,214,220,226,228,230,232,232,232,230,228,228,228,228,226,226,228,232,234,238,240,243,240,240,238,236,238,243,240,238,226,216,201,187,178,172,172,174,178,182,189,195,203,211,216,222,222,220,214,209,205,201,197,195,193,191,191,191,193,193,197,199,201,203,203,203,197,191,189,185,178,170,149,0,0,0,0,0,0,0,0,0,0,0,0,0,0,0,0,0,0,0,0,0,0,0,0,0,0,0,0,0,0,0,0,0
0,0,0,0,0,0,0,0,0,0,0,0,0,0,0,0,0,0,0,0,0,0,0,0,0,0,0,0,0,0,0,0,149,160,162,164,168,174,174,174,170,166,164,162,162,164,166,170,174,178,185,191,197,205,207,209,211,214,214,216,211,207,203,199,193,187,187,187,189,193,195,195,197,197,197,197,195,195,195,197,195,195,195,195,197,199,201,205,209,214,220,226,230,234,236,238,236,236,238,238,238,240,238,238,238,236,236,238,236,234,234,236,236,236,234,234,232,230,230,230,230,232,230,230,232,232,230,228,230,232,232,234,236,238,236,236,234,232,232,232,232,232,232,234,234,234,234,232,232,232,228,226,224,224,224,226,228,230,234,238,238,240,240,240,240,240,236,232,230,228,230,232,234,234,234,234,236,236,236,238,236,236,232,228,222,216,207,201,193,185,178,174,172,170,168,166,164,164,162,162,162,162,162,162,164,166,168,170,174,176,180,182,185,187,182,180,176,172,166,162,160,158,160,164,168,172,174,178,182,189,187,185,182,182,178,176,170,166,164,162,158,151,141,131,131,131,137,143,147,151,149,147,145,143,145,147,153,160,164,170,172,176,182,191,199,207,214,222,226,230,232,234,234,234,232,230,228,226,226,226,228,232,234,238,240,243,243,240,238,236,238,240,240,243,234,226,211,197,187,178,180,180,185,191,199,207,216,224,226,228,224,220,218,214,209,207,203,199,199,199,199,199,201,203,205,209,211,216,214,214,203,195,191,187,182,178,155,0,0,0,0,0,0,0,0,0,0,0,0,0,0,0,0,0,0,0,0,0,0,0,0,0,0,0,0,0,0,0,0,0
0,0,0,0,0,0,0,0,0,0,0,0,0,0,0,0,0,0,0,0,0,0,0,0,0,0,0,0,0,0,0,153,155,160,160,162,164,166,168,168,164,160,155,153,153,153,160,166,172,178,185,191,197,203,207,211,214,218,218,220,218,216,211,209,201,195,193,189,191,191,193,193,193,195,195,195,193,193,195,195,193,193,195,195,199,201,205,207,211,218,222,228,232,236,236,238,238,238,238,240,240,240,238,238,236,236,236,236,234,234,234,234,234,234,234,232,230,228,228,230,230,230,230,232,232,232,230,228,228,228,228,230,230,232,232,232,230,230,228,226,224,224,222,222,222,222,220,218,216,216,214,211,211,211,214,216,218,222,226,230,230,232,232,234,234,234,234,232,232,232,232,234,234,234,234,234,236,236,236,238,236,236,232,230,224,220,214,207,199,193,187,180,178,176,172,170,168,166,166,164,164,164,164,166,168,170,172,174,178,182,185,187,187,187,185,182,178,174,170,166,164,164,166,168,172,176,180,185,189,191,189,187,185,182,178,174,170,164,164,162,158,153,147,141,143,145,149,153,155,158,155,155,151,149,147,145,149,153,160,166,168,172,178,185,191,197,205,214,218,224,228,230,232,232,232,230,230,228,228,226,228,230,234,238,240,243,240,240,238,236,238,240,243,243,238,234,224,211,203,195,195,195,201,205,214,222,226,232,232,232,230,228,224,222,220,218,216,214,211,211,211,214,214,216,216,218,216,214,211,207,199,193,189,185,180,178,158,0,0,0,0,0,0,0,0,0,0,0,0,0,0,0,0,0,0,0,0,0,0,0,0,0,0,0,0,0,0,0,0,0
0,0,0,0,0,0,0,0,0,0,0,0,0,0,0,0,0,0,0,0,0,0,0,0,0,0,0,0,0,0,153,166,164,162,160,158,160,160,162,162,158,153,149,145,145,145,153,162,172,180,185,191,197,203,207,214,216,220,222,226,224,224,222,220,211,205,199,193,191,191,191,191,191,193,193,193,193,193,193,193,193,191,193,197,201,205,207,211,216,220,226,232,234,238,238,240,240,238,240,243,240,240,238,236,236,236,236,236,234,234,234,234,232,232,232,232,228,226,226,228,228,230,230,232,232,232,230,228,226,226,226,226,226,228,228,228,226,226,224,222,218,216,211,209,209,207,205,203,201,199,197,195,197,199,201,205,209,211,216,222,224,226,226,228,228,230,232,234,234,234,234,236,236,236,236,236,236,236,238,238,238,236,234,232,228,224,218,214,205,199,193,187,185,180,176,174,172,170,168,168,166,166,166,168,170,174,176,180,182,187,189,191,189,189,187,187,182,178,174,170,170,170,172,172,176,180,187,191,193,195,191,189,185,182,178,174,170,164,164,162,158,155,153,151,158,162,164,164,164,164,164,164,160,155,151,145,147,149,155,162,166,170,174,178,182,189,197,205,211,220,224,228,230,232,232,232,232,232,230,228,228,230,234,238,240,243,240,240,238,238,238,240,243,245,243,243,234,228,220,214,211,211,216,222,228,234,238,243,240,238,236,234,232,232,230,228,226,226,226,226,226,226,228,228,226,226,220,214,207,201,195,191,187,182,180,180,158,0,0,0,0,0,0,0,0,0,0,0,0,0,0,0,0,0,0,0,0,0,0,0,0,0,0,0,0,0,0,0,0,0
0,0,0,0,0,0,0,0,0,0,0,0,0,0,0,0,0,0,0,0,0,0,0,0,0,0,0,0,0,155,164,172,170,168,160,151,147,145,147,149,147,145,141,137,135,135,143,153,164,176,180,187,193,199,205,211,218,222,224,228,228,228,228,226,220,216,209,201,199,197,197,195,195,195,195,197,195,195,197,197,197,199,201,203,209,214,216,218,224,228,232,236,236,238,238,240,238,238,238,240,238,238,238,236,236,236,236,236,234,234,232,232,232,230,230,230,228,226,226,228,228,228,230,232,230,230,228,226,226,224,224,224,226,228,226,224,220,218,209,201,193,185,180,174,172,172,172,170,172,174,176,178,180,182,187,191,193,195,199,201,203,207,207,209,214,218,222,228,230,234,234,236,236,236,236,236,236,238,238,238,238,236,236,234,230,228,222,216,209,203,199,193,191,187,185,180,180,178,178,178,176,176,176,178,178,180,185,187,189,191,193,195,193,193,193,193,191,189,185,182,182,182,182,185,187,191,195,197,199,199,195,191,187,185,180,176,170,164,162,162,160,158,158,155,160,162,162,164,162,162,164,166,162,160,153,149,147,145,151,155,160,166,170,174,178,182,191,197,205,211,218,224,228,232,232,234,234,232,232,230,230,230,232,236,238,240,240,240,240,240,240,243,243,245,243,243,238,236,230,224,224,224,228,234,236,240,243,245,243,243,240,238,238,238,236,234,234,234,234,234,232,230,228,226,220,216,209,203,197,191,189,187,182,178,176,176,153,0,0,0,0,0,0,0,0,0,0,0,0,0,0,0,0,0,0,0,0,0,0,0,0,0,0,0,0,0,0,0,0,0
0,0,0,0,0,0,0,0,0,0,0,0,0,0,0,0,0,0,0,0,0,0,0,0,0,0,0,0,153,170,174,180,176,172,158,145,137,129,133,139,137,137,133,129,126,124,135,143,158,172,178,185,189,195,203,211,218,224,228,230,232,234,232,232,230,228,220,211,209,205,203,199,199,197,199,201,199,199,199,201,203,205,209,211,218,222,224,226,232,236,238,240,238,238,238,240,238,236,236,238,236,236,236,238,236,236,236,236,234,234,232,232,230,228,228,228,226,226,226,226,226,226,228,230,230,230,228,226,226,224,224,224,226,228,224,222,216,209,195,182,168,155,147,139,137,137,137,139,143,147,153,160,164,168,172,176,178,180,180,182,185,189,191,193,199,203,211,222,226,232,234,236,236,236,236,238,238,238,238,238,238,236,236,238,234,230,224,220,214,209,203,199,197,195,191,189,189,189,189,189,187,187,187,187,189,189,191,193,195,197,197,199,197,197,197,199,199,199,197,195,195,193,195,195,199,201,203,205,203,203,199,195,191,187,182,178,172,164,162,160,160,162,160,160,162,164,162,162,162,162,164,168,166,164,158,153,147,143,147,149,155,162,168,172,174,176,182,191,197,205,214,222,226,230,234,236,236,234,234,232,230,230,232,236,236,238,238,240,240,243,243,243,243,243,243,245,245,245,240,236,236,236,240,245,245,247,247,247,247,247,245,245,245,245,243,243,243,243,243,243,238,234,230,224,214,205,199,193,187,182,182,182,178,176,174,172,149,0,0,0,0,0,0,0,0,0,0,0,0,0,0,0,0,0,0,0,0,0,0,0,0,0,0,0,0,0,0,0,0,0
0,0,0,0,0,0,0,0,0,0,0,0,0,0,0,0,0,0,0,0,0,0,0,0,0,0,0,153,164,174,180,185,180,178,162,147,137,126,131,135,137,139,137,137,133,131,135,139,149,162,172,180,187,191,199,205,211,220,224,230,232,234,234,234,232,230,226,220,218,216,211,209,209,209,209,209,209,209,209,211,214,216,218,220,224,228,228,230,234,238,238,240,238,238,238,240,238,238,238,238,236,236,236,236,236,236,236,234,234,232,230,230,228,226,226,226,226,226,226,226,226,226,228,228,228,226,226,224,224,224,224,224,224,226,220,216,205,197,180,166,153,141,137,131,135,139,143,149,153,158,164,170,172,174,178,180,180,180,178,178,178,180,182,185,191,195,205,216,224,232,234,236,236,234,234,232,234,234,234,234,234,234,236,238,236,232,228,224,220,214,207,201,201,199,197,193,193,195,195,195,193,193,193,195,195,197,197,199,201,201,203,203,203,205,205,207,207,209,209,209,207,207,207,209,209,209,209,209,207,205,201,197,191,187,185,180,174,168,164,160,160,160,160,160,162,164,164,164,164,164,166,166,166,164,160,155,149,143,143,143,149,158,164,170,172,174,178,185,191,199,207,214,220,226,232,236,236,236,234,232,230,230,232,236,236,238,238,240,240,243,243,243,243,243,243,243,243,243,240,238,238,240,243,247,247,247,247,249,247,247,245,245,245,247,245,245,245,245,243,240,234,228,220,211,201,193,189,185,180,176,174,172,170,168,164,162,139,0,0,0,0,0,0,0,0,0,0,0,0,0,0,0,0,0,0,0,0,0,0,0,0,0,0,0,0,0,0,0,0,0
0,0,0,0,0,0,0,0,0,0,0,0,0,0,0,0,0,0,0,0,0,0,0,0,0,0,0,170,174,180,185,191,187,182,168,151,137,124,126,131,135,141,143,145,141,139,135,133,143,153,166,178,185,189,193,199,207,216,222,230,232,234,234,236,234,234,232,228,226,226,222,220,220,220,220,220,220,218,220,222,224,228,228,228,230,234,234,234,236,240,240,240,238,236,238,240,240,240,238,238,236,236,236,236,236,236,234,234,232,232,230,228,226,226,224,224,224,226,226,226,226,226,226,228,226,224,224,224,224,226,224,224,224,224,218,211,197,185,166,149,139,129,0,0,131,141,149,158,164,170,174,178,180,182,182,185,182,180,178,174,174,172,174,176,182,189,199,209,220,232,234,238,234,232,230,228,230,232,230,230,230,232,236,240,238,236,232,228,224,220,214,205,205,203,201,199,199,199,199,199,199,201,201,203,203,203,203,205,205,207,209,209,211,211,214,216,218,220,222,222,222,222,222,222,220,220,216,214,211,209,203,199,193,189,187,185,178,172,166,162,160,158,158,160,162,164,166,168,166,166,166,166,166,166,162,160,149,141,139,137,145,153,160,166,168,172,174,178,185,193,199,207,216,224,230,236,236,236,234,232,230,230,234,236,238,238,240,240,240,243,243,243,243,243,243,243,243,243,243,240,243,245,247,249,247,247,249,249,249,247,247,247,247,247,247,247,247,245,243,238,230,220,209,199,191,182,178,176,172,170,166,164,162,162,155,151,0,0,0,0,0,0,0,0,0,0,0,0,0,0,0,0,0,0,0,0,0,0,0,0,0,0,0,0,0,0,0,0,0,0
0,0,0,0,0,0,0,0,0,0,0,0,0,0,0,0,0,0,0,0,0,0,0,0,0,0,151,176,182,187,191,195,189,185,172,160,147,135,137,137,145,153,155,160,158,158,153,147,151,153,162,172,178,185,189,195,201,209,214,220,224,230,232,236,236,234,232,232,230,230,228,226,226,228,228,228,226,226,226,226,228,230,230,230,234,236,236,234,236,238,238,240,238,238,238,238,238,238,238,238,238,236,236,236,234,234,234,232,232,230,228,226,226,226,226,226,226,226,224,224,222,220,220,218,216,214,211,211,211,214,214,216,218,220,216,211,199,189,170,151,141,131,133,137,147,155,160,164,168,170,174,178,180,182,185,189,189,189,187,182,180,178,178,178,185,191,201,211,222,232,234,238,236,234,232,228,228,228,228,228,228,228,230,232,232,232,230,230,228,226,220,214,211,209,205,203,201,201,201,201,201,201,201,203,203,203,203,205,207,207,209,211,211,214,216,218,220,222,222,222,222,222,222,222,222,220,218,216,211,209,205,199,195,191,189,187,182,178,172,166,164,160,162,162,164,168,168,168,168,168,168,166,166,166,164,162,151,141,137,131,139,145,153,162,164,168,172,176,182,187,195,203,211,218,226,232,234,236,234,232,232,232,234,236,238,238,240,240,240,243,243,243,243,245,245,245,245,245,243,243,245,247,247,249,249,249,249,249,249,249,249,249,249,249,249,247,245,243,236,230,220,209,199,189,182,176,172,168,162,158,153,151,149,145,141,135,0,0,0,0,0,0,0,0,0,0,0,0,0,0,0,0,0,0,0,0,0,0,0,0,0,0,0,0,0,0,0,0,0,0
0,0,0,0,0,0,0,0,0,0,0,0,0,0,0,0,0,0,0,0,0,0,0,0,0,145,164,182,189,195,197,199,193,187,176,166,155,145,145,145,155,166,170,174,176,176,170,164,158,153,158,164,172,180,185,191,195,201,205,211,218,226,232,238,236,236,234,234,234,234,232,230,232,236,236,236,234,234,232,232,232,234,234,234,236,240,236,234,236,236,238,238,238,238,238,238,238,238,238,240,238,238,236,236,234,234,232,232,230,230,228,224,224,226,226,228,228,228,224,222,218,216,211,209,205,203,201,201,201,201,203,207,211,218,216,214,203,193,172,153,143,133,143,153,162,172,172,172,172,172,174,178,180,182,187,193,195,197,195,193,187,182,182,182,189,195,205,216,224,232,236,240,238,238,232,228,228,226,226,226,224,224,224,226,228,230,230,232,230,230,226,224,220,216,211,207,205,203,203,203,201,201,203,203,203,203,205,207,207,207,209,214,214,216,218,220,222,224,222,222,222,222,222,222,222,222,220,218,214,209,205,201,197,193,191,191,187,185,178,172,168,162,164,166,168,170,170,168,168,170,168,168,166,166,164,164,153,143,135,126,133,139,147,155,162,166,170,174,178,182,191,199,205,214,222,230,232,234,234,234,234,232,234,236,238,240,240,240,243,243,243,243,245,247,247,247,245,245,245,247,247,249,249,249,249,249,249,249,249,251,251,251,251,251,249,249,245,243,232,224,209,197,189,180,176,172,166,158,151,145,141,139,135,131,0,0,0,0,0,0,0,0,0,0,0,0,0,0,0,0,0,0,0,0,0,0,0,0,0,0,0,0,0,0,0,0,0,0,0,0
0,0,0,0,0,0,0,0,0,0,0,0,0,0,0,0,0,0,0,0,0,0,0,0,0,153,170,187,193,199,201,205,197,191,180,170,164,155,155,158,166,174,178,185,185,185,178,174,168,162,164,166,170,174,178,185,189,195,197,201,207,214,222,230,232,234,234,232,232,234,232,232,234,236,236,236,234,234,232,232,232,234,234,234,236,238,236,234,236,236,238,238,238,238,238,238,236,236,238,238,238,236,236,236,234,234,232,232,232,230,228,224,224,222,222,222,218,216,211,207,203,199,195,193,189,185,185,185,185,185,187,191,197,203,207,209,205,199,180,164,153,143,151,158,162,166,166,166,168,168,172,176,178,180,185,191,195,199,197,197,193,187,185,182,187,193,203,216,222,230,234,238,238,238,234,230,228,226,226,226,224,222,220,218,218,218,220,220,224,226,228,228,226,224,220,216,211,207,207,205,205,203,203,203,203,201,203,205,205,205,207,209,211,214,216,218,220,220,220,222,222,222,222,222,222,222,220,220,216,214,211,207,203,199,197,195,193,189,185,180,176,172,172,172,174,174,172,170,170,170,168,166,166,164,164,162,153,143,135,129,131,135,143,151,155,162,166,170,174,178,187,195,203,211,220,228,230,234,234,234,234,232,234,236,238,240,240,240,240,243,243,243,245,247,247,247,247,245,247,247,247,249,249,249,249,249,249,249,249,251,251,251,251,251,247,245,238,234,224,214,201,191,182,176,170,166,155,145,139,133,131,129,0,0,0,0,0,0,0,0,0,0,0,0,0,0,0,0,0,0,0,0,0,0,0,0,0,0,0,0,0,0,0,0,0,0,0,0,0,0
0,0,0,0,0,0,0,0,0,0,0,0,0,0,0,0,0,0,0,0,0,0,0,0,0,164,176,191,197,203,207,211,203,195,185,176,172,168,168,168,176,185,189,193,193,193,189,185,178,170,168,168,168,168,174,178,182,187,189,191,197,203,214,224,228,234,232,230,232,234,234,234,234,236,236,236,236,234,232,232,232,234,234,234,236,236,236,236,236,236,238,240,238,238,238,236,236,236,236,238,236,236,236,236,234,234,234,234,232,232,228,226,222,218,216,216,209,205,199,193,189,182,180,176,172,168,168,168,168,168,172,176,182,191,199,207,205,205,189,174,164,155,160,164,162,160,160,160,162,166,170,174,176,178,185,189,195,201,201,203,197,191,187,182,187,193,203,216,222,230,234,238,238,240,236,234,230,228,228,228,224,220,214,209,207,205,207,209,216,222,228,234,232,232,226,222,218,214,211,209,207,207,205,205,203,201,201,203,203,203,203,205,207,211,214,216,216,218,220,222,222,222,222,222,222,222,222,222,220,220,216,214,209,207,205,201,199,195,193,189,187,182,182,180,178,178,174,172,170,170,168,166,166,164,164,162,153,145,137,129,131,133,139,147,151,158,162,166,170,176,182,191,199,207,218,228,230,232,234,236,234,234,234,236,238,240,240,243,240,240,243,243,245,249,247,247,247,247,247,247,249,249,249,251,249,249,249,251,251,251,251,253,251,251,247,243,234,226,214,203,193,182,176,172,166,160,145,133,126,0,0,0,0,0,0,0,0,0,0,0,0,0,0,0,0,0,0,0,0,0,0,0,0,0,0,0,0,0,0,0,0,0,0,0,0,0,0,0,0,0
0,0,0,0,0,0,0,0,0,0,0,0,0,0,0,0,0,0,0,0,0,0,0,0,0,168,180,193,199,205,207,211,203,197,187,178,174,172,172,172,180,187,193,199,199,199,195,193,185,178,176,172,170,168,170,172,174,178,180,185,189,195,205,216,222,228,226,224,224,224,228,232,234,236,236,236,236,234,234,232,234,234,234,236,236,238,238,238,236,236,236,236,238,238,236,236,236,234,236,236,234,232,230,228,226,226,222,220,218,216,211,207,203,201,199,197,193,191,187,182,178,176,172,170,168,164,164,164,164,164,166,170,176,180,189,197,203,207,197,189,180,172,168,164,162,160,160,160,162,166,168,172,174,176,180,185,193,199,203,205,201,195,189,182,185,189,199,211,222,230,234,238,238,238,234,232,230,228,228,230,226,224,218,209,205,201,199,199,205,209,218,226,226,228,226,226,224,222,218,214,211,209,207,207,205,205,205,205,205,203,203,203,205,205,207,211,211,214,218,222,222,222,220,220,220,220,220,220,220,220,216,214,211,209,209,207,203,199,193,189,189,191,189,187,185,180,176,172,170,170,168,166,164,164,162,160,149,141,135,129,131,135,141,147,151,158,160,162,168,172,180,189,197,205,216,226,230,234,234,236,236,234,236,236,238,238,240,240,240,243,243,245,247,247,247,247,247,247,247,247,247,247,249,249,249,247,249,251,251,251,251,251,249,247,243,236,228,218,207,195,187,180,172,166,155,147,135,124,0,0,0,0,0,0,0,0,0,0,0,0,0,0,0,0,0,0,0,0,0,0,0,0,0,0,0,0,0,0,0,0,0,0,0,0,0,0,0,0,0,0
0,0,0,0,0,0,0,0,0,0,0,0,0,0,0,0,0,0,0,0,0,0,0,0,143,170,185,197,203,207,209,214,205,199,191,182,178,176,176,178,185,191,197,203,203,205,201,199,193,187,182,178,172,168,166,166,166,168,172,178,182,187,195,205,216,224,220,218,216,216,224,232,234,238,236,236,236,236,234,234,234,234,236,236,238,238,238,240,236,234,234,234,236,238,236,236,234,234,234,234,232,228,226,222,220,216,211,207,203,199,195,189,187,182,180,178,178,176,174,172,170,170,166,164,162,162,162,162,162,162,162,164,168,172,180,189,199,209,205,203,195,189,176,166,162,160,160,162,164,166,168,172,174,176,178,182,191,199,203,209,205,201,191,182,182,185,195,207,220,232,234,238,236,236,234,232,230,230,230,232,230,228,220,211,203,195,193,189,193,199,207,216,220,224,226,228,228,230,224,218,214,211,209,209,209,209,209,207,205,205,203,201,201,201,203,205,209,211,216,222,222,222,220,220,218,218,218,220,220,220,218,216,214,214,214,214,207,201,195,191,193,197,195,195,189,185,178,172,170,168,166,166,164,164,160,158,147,139,133,129,133,137,143,149,153,155,158,160,164,168,176,185,195,203,214,224,228,234,236,236,236,236,236,236,238,238,238,240,240,243,245,247,247,247,247,247,247,247,247,249,247,247,247,247,247,247,249,251,251,251,251,251,247,245,238,232,222,211,199,189,182,178,168,160,147,135,124,0,0,0,0,0,0,0,0,0,0,0,0,0,0,0,0,0,0,0,0,0,0,0,0,0,0,0,0,0,0,0,0,0,0,0,0,0,0,0,0,0,0,0
0,0,0,0,0,0,0,0,0,0,0,0,0,0,0,0,0,0,0,0,0,0,0,0,155,178,189,199,203,207,209,209,205,199,191,182,178,174,176,178,185,191,199,205,209,211,209,207,201,193,189,185,180,174,170,166,162,160,162,164,172,178,191,203,214,224,220,216,211,207,216,224,230,236,236,234,232,232,228,226,224,224,226,228,232,234,234,236,234,232,232,234,236,238,236,234,230,228,226,226,220,216,209,205,201,199,195,191,187,185,182,180,176,174,174,172,172,172,170,170,168,166,164,162,160,158,158,155,155,155,158,162,164,168,176,185,195,205,207,209,201,195,180,168,164,158,160,160,162,164,168,170,172,174,178,182,191,201,207,216,214,209,201,193,191,189,199,207,218,230,234,238,236,234,232,232,230,230,230,232,230,230,224,218,209,201,197,191,193,193,197,203,205,207,211,214,218,220,218,214,209,205,201,199,201,203,203,205,205,205,203,201,199,199,201,203,205,205,209,211,211,214,211,211,211,211,211,214,214,214,214,211,211,209,211,211,207,205,199,193,195,199,199,197,191,185,178,170,168,166,164,162,160,158,153,149,141,133,131,129,133,139,145,151,153,155,158,158,162,168,176,185,193,203,211,222,228,232,234,236,236,236,236,236,236,238,238,238,240,243,245,247,247,247,247,247,247,247,247,247,245,245,247,247,249,249,249,251,251,251,249,249,247,243,234,228,216,205,195,185,178,174,162,151,139,124,0,0,0,122,129,133,137,141,141,141,135,129,0,0,0,0,0,0,0,0,0,0,0,0,0,0,0,0,0,0,0,0,0,0,0,0,0,0,0,0,0,0,0,0
0,0,0,0,0,0,0,0,0,0,0,0,0,0,0,0,0,0,0,0,0,0,0,153,170,185,193,199,203,209,207,207,203,201,193,185,178,174,176,178,185,191,199,209,214,218,218,216,207,199,195,193,187,182,174,168,158,149,149,151,162,172,187,199,211,222,218,216,207,201,209,218,228,236,234,234,230,228,224,218,216,214,218,222,226,230,232,234,232,230,232,234,234,236,234,232,228,224,220,216,209,201,195,189,185,182,178,174,172,170,170,170,168,166,166,166,168,168,168,168,166,164,162,160,158,155,151,149,149,151,153,158,162,166,172,178,191,203,209,216,207,201,185,170,164,158,158,158,162,164,168,170,172,174,178,182,193,203,211,222,220,220,211,205,199,195,201,207,218,228,232,238,236,234,232,232,230,230,232,234,232,232,226,222,216,207,201,193,191,189,189,189,191,193,197,201,205,211,211,211,205,199,193,187,191,197,199,203,203,205,203,201,199,197,199,201,201,199,201,203,203,205,203,203,203,205,205,207,207,209,207,207,207,207,209,211,209,209,201,195,199,201,201,201,193,185,176,170,166,164,162,158,155,151,145,141,133,126,126,129,135,141,147,151,153,158,158,158,162,166,174,185,193,203,211,222,226,232,234,236,236,238,236,236,236,238,238,238,240,245,245,247,247,249,247,247,247,247,247,245,245,245,247,249,249,251,251,251,251,251,249,249,245,240,232,222,211,201,191,182,176,170,158,145,129,0,0,0,122,133,141,149,153,160,162,164,160,153,143,135,0,0,0,0,0,0,0,0,0,0,0,0,0,0,0,0,0,0,0,0,0,0,0,0,0,0,0,0,0,0
0,0,0,0,0,0,0,0,0,0,0,0,0,0,0,0,0,0,0,0,0,0,137,166,178,191,195,201,203,207,205,205,201,199,191,182,178,172,174,174,180,187,197,207,214,222,222,224,216,207,201,195,191,185,180,176,166,158,155,153,162,172,187,201,214,226,226,226,220,216,220,226,230,236,232,230,224,220,211,203,201,197,201,203,207,211,216,220,220,222,224,224,226,228,224,220,216,211,205,201,195,189,185,180,178,176,172,170,166,164,164,164,164,162,162,162,164,164,164,164,164,162,160,158,155,153,149,145,145,147,151,155,160,164,170,176,189,201,207,216,209,205,189,172,164,155,158,158,162,164,166,168,170,172,178,185,193,203,214,224,224,224,218,214,209,207,211,214,222,228,232,236,236,234,234,232,230,228,228,230,230,232,228,226,220,216,207,201,197,193,191,189,189,189,193,195,197,201,201,201,197,193,189,182,187,191,195,199,199,201,199,197,195,193,195,199,197,197,197,199,199,201,199,199,199,201,201,201,201,201,201,201,201,201,203,205,207,207,205,201,203,205,203,203,195,187,178,170,166,162,155,149,143,137,131,124,0,0,0,0,131,139,145,151,153,155,158,158,162,168,176,185,195,203,214,222,226,232,232,234,236,238,236,236,236,236,238,238,240,245,245,245,247,249,247,247,247,247,247,245,245,245,247,249,249,251,251,253,251,251,249,247,243,238,228,220,207,197,189,180,170,162,147,133,122,0,0,124,135,147,153,162,166,170,172,172,170,166,160,153,139,0,0,0,0,0,0,0,0,0,0,0,0,0,0,0,0,0,0,0,0,0,0,0,0,0,0,0,0,0
0,0,0,0,0,0,0,0,0,0,0,0,0,0,0,0,0,0,0,0,0,0,151,178,187,195,199,201,203,207,205,203,199,197,191,182,176,172,172,172,176,182,193,205,214,224,228,232,224,216,207,199,193,189,187,185,176,168,162,158,164,172,187,201,216,230,232,236,234,232,232,232,234,234,230,228,218,209,199,191,187,182,185,187,191,195,201,205,209,214,214,216,218,218,214,207,203,197,191,185,180,178,174,172,170,170,166,164,162,160,160,160,158,158,158,160,160,160,160,162,162,162,160,158,155,153,147,141,141,143,147,153,158,162,168,174,187,197,207,216,214,209,193,176,166,155,155,158,162,164,166,168,168,170,178,185,195,205,216,228,228,228,224,222,220,220,222,222,226,228,232,236,236,236,234,232,228,226,226,226,228,232,230,230,226,222,216,207,201,195,193,189,189,187,189,191,191,191,193,193,191,189,182,178,180,185,189,193,197,199,197,195,191,189,193,197,195,195,195,195,195,197,195,195,197,199,197,197,197,195,195,195,195,197,199,201,205,207,207,207,207,209,207,205,197,189,180,172,166,160,149,139,131,0,0,0,0,0,0,0,126,137,143,149,153,155,158,160,164,168,176,187,195,205,214,224,228,232,232,234,236,238,236,236,236,236,238,238,240,245,245,245,247,251,249,247,247,249,247,245,245,245,247,249,249,251,251,253,253,253,249,247,240,236,226,216,205,195,187,178,166,155,139,122,0,0,122,137,149,162,168,176,178,180,180,182,180,178,176,172,160,147,0,0,0,0,0,0,0,0,0,0,0,0,0,0,0,0,0,0,0,0,0,0,0,0,0,0,0,0
0,0,0,0,0,0,0,0,0,0,0,0,0,0,0,0,0,0,0,0,0,137,155,176,185,193,195,197,199,201,199,197,193,191,185,178,172,166,168,170,176,182,195,205,214,224,228,232,228,222,216,207,203,197,193,191,185,180,176,172,178,185,199,211,222,234,236,238,236,236,236,236,234,234,228,224,211,201,193,182,180,178,180,182,185,189,193,195,199,201,203,203,205,205,201,197,193,189,185,180,176,172,168,162,158,155,153,151,149,149,147,147,149,149,151,153,153,153,153,155,155,158,155,155,153,149,143,137,139,141,147,153,158,162,166,172,182,195,203,214,214,214,197,182,170,158,160,162,164,168,166,166,168,168,174,180,191,201,211,222,224,226,224,222,222,224,226,228,228,230,232,234,234,234,232,232,228,226,224,224,226,228,228,230,228,228,222,218,209,201,197,193,191,189,191,191,191,191,191,193,191,191,189,187,187,189,191,195,195,197,195,191,189,187,191,195,193,191,191,191,189,189,191,191,197,201,201,201,199,199,197,197,197,197,199,199,201,203,205,207,209,209,209,207,201,195,185,176,168,160,147,137,126,0,0,0,0,0,0,0,0,135,141,149,153,158,160,162,166,170,178,187,197,207,216,224,228,232,234,234,236,236,236,234,236,236,238,238,240,243,245,245,247,249,247,247,247,249,247,245,245,245,247,249,249,251,251,253,253,253,251,249,243,236,228,218,205,193,185,174,162,149,135,122,122,122,137,149,160,170,174,178,180,182,182,185,182,180,178,176,168,160,143,0,0,0,0,0,0,0,0,0,0,0,0,0,0,0,0,0,0,0,0,0,0,0,0,0,0,0
0,0,0,0,0,0,0,0,0,0,0,0,0,0,0,0,0,0,0,0,0,147,162,176,185,193,193,193,195,197,193,191,189,187,178,172,168,162,164,168,176,185,195,207,214,222,228,234,232,230,224,218,211,205,201,197,195,193,191,189,193,199,209,222,230,238,238,240,240,240,240,240,236,232,226,220,207,195,185,174,174,172,174,176,178,182,185,187,187,189,191,193,193,193,189,185,182,180,176,174,170,168,160,153,147,141,139,139,139,139,137,137,141,143,145,147,147,147,147,149,151,153,153,153,149,147,141,135,137,139,147,153,158,160,166,170,180,191,201,214,216,218,203,189,174,160,162,166,168,170,168,166,166,166,170,174,185,197,207,218,220,222,222,222,224,228,230,234,232,232,232,232,232,232,232,232,228,226,224,222,224,224,226,228,230,232,230,226,218,207,203,197,195,191,193,193,191,189,191,191,193,195,195,193,193,193,195,195,195,195,191,189,189,187,189,193,191,189,189,187,185,182,185,187,195,205,203,203,203,201,199,199,199,199,199,199,199,201,203,207,209,211,211,211,205,201,191,178,170,160,147,135,122,0,0,0,0,0,0,0,0,133,139,147,153,160,162,164,168,172,180,189,199,211,220,226,230,234,234,234,234,236,234,234,236,238,238,238,240,243,245,247,247,249,247,247,247,249,247,247,247,247,247,249,249,251,251,253,253,253,251,251,245,238,228,220,205,193,182,172,158,145,133,122,129,135,149,164,170,178,180,182,185,187,187,187,185,182,180,180,176,174,158,143,0,0,0,0,0,0,0,0,0,0,0,0,0,0,0,0,0,0,0,0,0,0,0,0,0,0
0,0,0,0,0,0,0,0,0,0,0,0,0,0,0,0,0,0,0,0,0,145,158,172,178,185,185,182,185,187,182,178,176,174,172,168,164,160,164,166,174,182,193,203,211,220,226,232,232,232,230,226,222,216,211,207,205,203,203,203,207,211,220,228,234,238,238,238,238,238,238,238,234,230,220,211,199,189,180,170,166,162,164,168,172,178,180,182,182,185,185,187,187,187,185,180,178,176,172,170,164,158,149,141,137,131,133,135,137,139,139,139,141,145,145,145,143,141,141,141,143,145,145,143,139,137,131,124,131,135,145,153,155,160,164,170,178,189,199,211,214,218,207,195,180,164,164,166,168,172,170,170,168,168,168,170,178,187,195,203,209,218,220,224,226,228,230,232,232,232,230,230,230,228,228,228,226,224,224,222,222,222,224,226,228,230,228,226,220,214,209,205,199,195,195,193,191,191,191,191,193,195,193,193,193,193,195,197,195,193,189,187,189,189,193,195,193,193,189,187,180,174,174,176,187,199,201,203,205,205,205,205,203,203,203,205,205,205,207,209,209,211,211,211,209,207,197,187,176,168,158,147,137,129,0,0,0,0,0,0,0,133,141,151,155,162,164,168,172,176,185,193,203,216,222,226,230,234,234,234,234,234,234,234,236,238,238,238,240,243,245,247,247,247,247,247,247,249,247,247,247,247,249,249,251,251,251,251,251,253,251,251,247,240,232,222,209,195,185,172,160,149,143,137,143,151,160,170,176,182,185,189,193,195,195,193,191,187,185,180,178,176,164,153,0,0,0,0,0,0,0,0,0,0,0,0,0,0,0,0,0,0,0,0,0,0,0,0,0,0
0,0,0,0,0,0,0,0,0,0,0,0,0,0,0,0,0,0,0,0,0,141,153,168,172,178,176,174,174,176,172,168,166,164,164,164,162,160,162,164,172,180,191,201,209,220,224,230,232,236,234,234,230,228,222,218,218,216,218,220,222,226,230,236,236,238,238,238,236,236,236,236,232,230,216,203,193,185,176,166,158,151,155,160,166,174,176,178,178,178,180,182,180,180,178,176,174,172,168,166,158,149,139,131,126,122,126,131,135,139,141,141,143,145,145,143,141,137,135,133,135,137,135,135,131,126,120,0,122,131,143,153,155,158,164,168,176,185,197,209,214,218,211,203,185,168,166,166,170,174,174,174,170,168,166,166,170,176,182,189,199,211,218,226,228,230,232,232,232,230,230,230,226,224,224,226,224,224,224,224,222,222,222,224,226,228,226,224,222,220,216,214,205,199,197,195,193,191,191,191,193,193,193,191,191,193,195,197,193,191,187,185,189,193,195,199,197,195,191,185,176,168,166,164,178,195,199,203,207,209,209,211,209,209,209,211,211,211,211,211,211,211,211,214,211,211,203,193,185,174,168,160,153,147,137,129,0,0,0,0,0,135,143,153,160,164,168,170,176,180,189,197,207,220,224,228,230,234,234,236,234,234,234,234,236,238,238,240,243,245,245,247,247,247,247,247,247,249,249,249,249,249,249,249,251,253,253,251,251,251,251,251,247,245,234,226,211,197,185,174,164,153,153,151,160,166,172,178,182,187,191,197,201,205,203,201,197,193,187,182,180,178,170,162,139,0,0,0,0,0,0,0,0,0,0,0,0,0,0,0,0,0,0,0,0,0,0,0,0,0
0,0,0,0,0,0,0,0,0,0,0,0,0,0,0,0,0,0,0,0,0,135,149,166,170,176,174,170,172,172,168,164,162,160,162,164,164,162,164,166,172,180,189,199,209,220,226,232,234,236,236,234,232,232,228,226,226,224,224,226,228,230,232,234,236,238,238,240,238,238,236,234,228,224,209,197,189,182,170,160,147,135,139,145,151,160,162,166,168,170,172,174,174,176,174,172,170,166,162,158,147,139,133,126,129,129,135,141,143,147,147,147,149,151,149,147,143,139,135,131,129,126,122,118,0,0,0,0,0,124,139,153,155,158,162,168,174,182,195,207,214,220,214,209,193,176,172,166,170,172,174,174,172,172,168,166,166,168,174,180,195,207,216,224,226,230,228,228,228,228,228,228,226,224,224,226,224,222,220,220,218,216,216,216,220,224,224,224,224,224,220,216,211,205,201,199,195,193,191,191,191,193,191,191,193,193,195,197,197,195,191,187,187,187,193,199,197,197,193,189,180,174,170,166,178,191,195,197,199,201,203,205,205,205,207,207,209,211,211,214,214,216,216,216,216,216,209,203,195,187,176,168,164,158,151,147,137,129,124,122,133,145,151,160,164,168,172,174,180,187,195,203,214,222,226,230,232,236,236,236,236,234,234,234,236,236,238,240,243,245,245,247,245,245,247,249,247,247,249,249,249,249,249,249,249,251,251,251,251,253,251,251,249,247,238,230,218,205,193,180,172,166,164,164,168,174,178,185,191,197,203,209,211,214,209,207,201,195,191,185,180,178,172,166,143,0,0,0,0,0,0,0,0,0,0,0,0,0,0,0,0,0,0,0,0,0,0,0,0,0
0,0,0,0,0,0,0,0,0,0,0,0,0,0,0,0,0,0,0,0,0,0,145,164,170,176,172,168,168,170,166,162,160,158,160,164,166,166,166,168,172,178,189,199,209,222,228,234,236,238,236,236,236,236,236,234,234,232,232,232,234,236,234,234,236,238,240,243,240,238,236,232,224,218,203,191,185,180,166,151,135,118,122,129,137,145,149,155,158,162,164,168,170,170,168,168,164,162,155,149,139,129,126,124,131,137,143,151,153,155,155,155,155,155,153,151,147,143,135,129,122,0,0,0,0,0,0,0,0,120,137,153,155,158,162,168,174,180,193,205,214,220,218,218,201,187,176,168,170,172,174,176,176,174,170,166,164,162,168,174,189,205,214,224,226,228,226,226,226,226,226,226,224,224,224,226,224,222,218,216,211,209,209,209,216,220,222,226,226,226,224,220,216,211,207,203,197,193,191,191,191,191,191,193,193,193,195,199,199,201,195,191,187,182,189,197,199,201,197,193,187,180,174,170,178,189,191,191,193,193,197,199,201,203,203,205,207,211,214,216,218,222,220,220,218,218,216,211,205,197,187,178,172,168,168,166,160,155,149,143,149,155,160,166,168,172,176,180,187,193,201,211,218,224,228,234,236,238,236,236,236,236,234,234,234,236,238,240,243,245,245,247,245,245,247,249,249,247,249,249,249,251,249,247,249,251,251,251,253,253,253,253,251,249,243,236,224,211,201,189,182,176,176,174,178,182,187,193,199,207,216,222,222,222,216,211,205,199,193,187,182,178,172,168,147,0,0,0,0,0,0,0,0,0,0,0,0,0,0,0,0,0,0,0,0,0,0,0,0,0
0,0,0,0,0,0,0,0,0,0,0,0,0,0,0,0,0,0,0,0,131,135,149,162,168,174,174,176,176,176,174,172,168,166,168,170,172,172,172,174,178,185,193,203,211,222,228,234,236,238,236,236,236,236,234,234,232,232,232,232,234,234,232,232,232,234,236,236,234,234,230,226,218,209,199,189,182,178,162,147,131,0,122,129,133,139,141,145,147,149,151,155,155,158,158,158,155,151,145,139,133,126,129,131,137,143,149,155,158,160,160,160,160,160,158,155,153,151,145,139,129,120,0,0,0,0,0,0,0,0,131,149,155,162,164,168,174,178,191,203,211,220,220,220,209,199,189,176,174,170,172,174,174,174,170,168,166,164,172,180,193,207,216,224,226,226,226,224,224,224,222,222,222,222,224,224,222,220,216,214,207,203,201,201,205,211,218,224,224,226,224,220,218,216,211,207,203,199,199,197,197,197,195,195,195,197,197,199,199,199,197,195,189,182,189,195,197,197,195,193,191,189,185,182,187,193,193,191,191,189,191,193,193,195,195,195,197,201,203,207,211,216,218,220,220,220,220,218,211,207,197,189,182,176,172,170,166,162,160,155,158,162,166,170,174,178,182,187,195,201,209,216,222,226,230,234,236,238,238,238,236,236,234,234,234,234,236,240,243,245,247,247,247,247,247,249,249,249,249,249,249,249,249,247,249,249,251,251,253,255,253,253,251,249,245,238,230,222,211,203,197,191,189,189,191,195,201,207,214,220,224,228,224,220,214,207,201,195,191,185,180,176,172,166,145,0,0,0,0,0,0,0,0,0,0,0,0,0,0,0,0,0,0,0,0,0,0,0,0,0
0,0,0,0,0,0,0,0,0,0,0,0,0,0,0,0,0,133,135,139,141,145,151,160,168,174,178,182,185,185,185,182,178,174,176,176,178,180,180,180,185,191,199,207,214,222,228,236,236,238,236,236,236,236,234,234,232,232,232,232,232,234,232,230,230,232,232,232,230,228,224,220,211,203,195,189,182,176,160,143,129,0,120,126,131,135,135,135,135,137,139,141,143,145,147,147,145,143,137,131,129,126,133,139,143,149,155,162,164,164,164,164,164,164,162,162,160,160,153,149,137,124,0,0,0,0,0,0,0,0,126,147,155,166,166,168,172,178,189,201,209,218,220,224,218,211,199,187,178,170,170,170,172,174,172,170,170,168,176,187,197,209,218,224,224,226,224,222,222,222,220,220,220,222,222,224,222,220,216,211,205,197,195,191,197,203,211,222,224,226,224,222,220,220,216,214,209,207,205,203,203,203,201,199,199,201,199,199,197,197,199,199,191,185,189,193,193,195,193,193,195,197,195,195,195,197,195,191,189,187,187,187,187,187,187,185,187,191,195,199,205,211,216,220,222,224,224,224,220,216,207,199,191,182,178,174,172,170,168,168,168,168,170,174,178,185,191,195,203,211,216,222,226,228,232,236,236,238,238,238,236,236,234,234,234,234,236,238,243,245,247,249,249,247,247,249,249,251,249,249,249,249,247,247,249,249,251,251,253,255,255,255,251,249,245,243,236,232,224,218,211,207,203,201,205,209,218,224,228,234,234,234,226,220,211,203,197,191,187,185,180,176,170,164,143,0,0,0,0,0,0,0,0,0,0,0,0,0,0,0,0,0,0,0,0,0,0,0,0,0
0,0,0,0,0,0,0,0,0,0,0,0,0,0,0,0,0,145,149,153,155,158,162,164,170,174,180,187,189,193,191,191,187,185,182,182,185,187,187,187,193,197,205,211,218,226,230,236,236,236,236,234,234,234,232,232,232,232,232,232,230,230,226,224,222,222,220,220,218,216,211,207,201,195,189,185,176,170,155,143,137,133,137,143,143,145,145,143,139,137,133,131,133,135,137,139,137,135,133,131,133,133,139,147,151,155,162,166,168,168,168,166,166,166,166,164,164,166,162,158,149,139,126,0,0,0,0,0,0,0,124,139,151,162,164,168,172,176,187,197,207,216,220,222,220,216,205,197,187,178,176,172,172,172,172,172,172,174,182,189,199,209,216,222,222,222,220,220,218,218,216,216,216,218,218,220,218,218,216,216,209,205,201,197,199,203,209,218,220,222,220,216,218,218,216,214,211,209,209,209,209,209,203,199,201,201,199,197,189,180,189,195,193,191,193,195,195,195,191,187,191,195,195,195,195,197,193,189,187,182,185,185,187,187,187,185,187,189,189,191,195,201,205,209,214,218,222,224,222,220,214,209,201,195,191,187,182,178,176,174,174,176,180,185,189,195,201,205,211,218,222,226,228,230,232,236,236,238,238,238,236,236,234,232,234,234,236,238,243,247,247,249,249,249,249,249,249,249,249,247,249,249,249,249,249,251,251,251,253,253,253,253,251,249,245,243,240,238,234,230,226,222,222,220,224,226,230,234,234,234,232,228,220,209,203,195,191,185,182,178,174,170,164,158,139,0,0,0,0,0,0,0,0,0,0,0,0,0,0,0,0,0,0,0,0,0,0,0,0,0
0,0,0,0,0,0,0,0,0,0,0,0,0,0,0,0,139,155,162,168,170,172,170,170,172,174,182,191,195,199,199,199,197,195,191,189,191,193,195,195,199,205,211,218,224,230,232,236,234,234,234,234,232,232,230,230,230,232,232,232,230,226,222,218,216,211,209,207,205,203,199,195,191,189,185,180,172,164,153,143,145,149,153,158,158,158,155,151,143,137,129,122,122,124,126,129,129,129,131,131,137,141,147,155,158,162,166,172,172,172,170,170,168,168,168,168,170,170,168,168,162,155,141,129,120,0,0,0,0,0,122,133,145,158,162,166,170,174,185,195,205,216,218,222,222,220,214,207,197,189,180,174,172,170,172,174,176,180,187,193,199,207,214,220,220,220,218,216,214,214,211,211,214,214,214,216,216,218,218,220,216,211,207,203,203,203,209,214,216,218,214,211,214,216,216,216,214,214,214,216,216,216,207,201,203,203,199,195,180,166,178,193,195,197,197,197,195,193,189,182,189,195,197,197,197,195,191,187,182,180,182,185,185,187,187,187,187,187,185,182,187,189,195,201,207,214,220,224,224,224,222,220,214,207,203,197,193,187,182,180,180,182,189,195,201,207,211,216,220,224,226,228,230,230,232,236,236,238,238,238,238,236,234,232,234,236,238,240,243,247,249,251,251,251,249,249,249,249,247,247,249,251,249,249,251,251,251,253,253,253,251,251,251,249,247,243,243,243,243,243,240,238,238,238,240,243,243,245,240,236,230,222,211,201,195,189,185,180,178,174,170,166,160,153,0,0,0,0,0,0,0,0,0,0,0,0,0,0,0,0,0,0,0,0,0,0,0,0,0,0
0,0,0,0,0,0,0,0,0,0,0,0,0,0,0,0,147,164,168,174,174,176,174,172,174,176,185,193,199,203,205,205,205,203,201,199,199,201,201,203,207,211,216,222,226,230,234,238,236,236,236,236,234,232,232,232,232,232,230,228,222,216,209,203,201,199,197,197,195,195,193,191,189,187,182,176,166,158,153,149,158,164,166,168,168,168,166,164,155,147,137,129,124,120,120,120,122,126,131,137,145,153,158,164,166,168,170,172,174,174,174,174,172,172,172,172,172,174,172,172,166,162,151,139,129,120,118,0,0,0,122,131,141,153,160,166,168,172,180,191,201,214,218,222,222,220,216,214,205,197,189,180,176,174,174,174,176,180,185,189,195,201,207,214,214,214,214,214,211,211,209,209,209,211,211,214,216,218,220,220,220,220,218,216,214,211,214,214,214,214,211,211,211,214,214,214,214,214,214,214,216,216,209,203,201,201,197,195,182,170,180,193,191,189,187,185,189,193,191,187,191,195,195,195,195,193,189,185,180,178,180,182,185,187,185,185,185,185,182,182,182,185,189,191,197,201,207,216,218,222,222,222,218,216,211,207,203,199,195,193,193,195,199,205,209,214,218,222,224,228,228,230,230,230,232,236,238,240,238,238,238,238,236,234,234,234,238,240,245,247,249,249,249,249,249,249,249,249,247,247,249,251,251,251,251,251,251,251,251,251,251,251,251,251,249,247,247,247,245,245,245,245,243,243,245,245,245,245,238,232,224,214,203,193,189,182,178,172,170,166,164,160,151,143,0,0,0,0,0,0,0,0,0,0,0,0,0,0,0,0,0,0,0,0,0,0,0,0,0,0
0,0,0,0,0,0,0,0,0,0,0,0,0,0,0,143,155,170,174,180,178,178,176,176,178,180,187,195,201,209,211,214,214,214,209,207,207,207,209,211,214,218,222,226,228,232,236,240,238,238,236,236,234,232,232,232,232,232,226,222,214,205,197,189,187,187,187,187,185,185,187,187,187,187,178,172,162,151,155,158,168,178,178,180,178,178,176,174,166,160,147,135,124,116,0,0,116,122,133,145,155,166,168,172,172,174,174,174,176,176,178,178,178,178,176,176,176,176,176,176,172,170,160,151,139,129,124,120,120,120,124,126,137,149,155,164,166,170,178,189,199,211,218,222,222,220,220,220,214,207,197,189,182,176,176,176,176,178,182,185,189,193,199,207,207,209,209,209,209,209,209,207,207,209,209,211,216,218,220,222,226,228,228,230,224,220,218,216,214,211,211,209,209,209,209,211,211,214,214,214,216,218,211,205,201,197,197,197,187,174,185,193,187,182,178,174,182,193,193,193,193,195,193,193,193,193,187,182,178,174,178,180,182,187,185,185,185,185,182,180,180,180,180,182,185,189,197,205,214,220,222,224,224,222,220,216,214,209,207,205,205,207,211,216,218,220,224,226,228,230,230,232,230,230,232,236,238,240,240,240,238,238,236,234,234,234,238,243,245,247,247,249,247,247,249,249,249,249,249,249,249,251,251,251,251,249,249,249,251,251,251,251,251,253,251,251,249,249,249,249,249,249,249,247,247,247,247,245,236,230,218,205,195,187,180,176,170,166,162,160,155,153,143,135,0,0,0,0,0,0,0,0,0,0,0,0,0,0,0,0,0,0,0,0,0,0,0,0,0,0
0,0,0,0,0,0,0,0,0,0,0,0,0,0,0,143,158,174,178,185,185,185,180,178,178,178,185,191,199,209,214,220,220,220,218,216,216,216,216,218,220,222,226,228,230,232,234,238,236,236,236,236,234,232,232,230,228,224,218,211,205,197,189,180,178,176,176,178,178,178,178,178,174,172,164,153,151,149,158,166,172,176,180,182,182,182,180,178,172,168,158,147,135,124,118,0,122,129,141,153,162,170,174,176,178,178,178,178,180,182,185,185,185,182,182,180,180,180,178,176,172,170,160,151,141,129,124,122,122,124,124,126,135,143,153,162,166,168,176,185,197,209,216,220,220,220,220,222,216,211,201,193,187,180,178,178,178,180,182,185,187,189,193,199,201,205,205,207,207,207,207,207,207,209,209,211,216,220,222,226,226,228,228,228,224,222,220,218,218,218,216,214,211,207,207,207,209,211,211,214,216,218,214,209,205,201,201,203,195,189,193,197,193,189,185,180,187,195,193,193,193,195,193,191,191,191,187,185,182,178,180,182,185,185,185,185,185,185,182,182,180,180,180,180,182,185,189,195,203,211,216,220,222,224,222,220,218,216,214,211,211,214,216,218,220,222,226,228,230,232,234,234,234,234,236,238,240,243,240,240,240,238,238,236,236,236,240,245,245,247,247,247,247,247,249,249,249,249,249,249,251,251,251,251,249,249,249,249,251,251,251,251,253,253,253,253,251,251,249,249,249,249,249,247,247,247,245,243,232,224,211,199,191,182,176,170,164,155,153,151,149,147,137,0,0,0,0,0,0,0,0,0,0,0,0,0,0,0,0,0,0,0,0,0,0,0,0,0,0,0
0,0,0,0,0,0,0,0,0,0,0,0,0,0,0,143,160,176,182,191,189,189,185,180,178,178,180,185,197,211,218,226,226,228,226,222,222,222,222,224,226,228,230,232,232,232,234,236,236,236,236,236,234,234,230,228,222,218,209,201,195,189,180,174,170,168,168,170,172,174,172,170,164,158,147,137,143,149,162,174,174,176,180,185,185,185,182,180,178,176,168,162,147,133,124,118,126,135,149,164,170,176,178,182,182,182,182,182,185,189,191,193,191,189,187,185,185,185,180,178,174,168,162,153,141,131,126,124,126,129,126,124,133,139,149,160,164,168,174,180,193,207,214,220,220,222,222,224,220,216,207,197,191,182,182,180,180,182,182,182,182,182,187,193,197,201,201,203,205,207,207,209,209,209,211,214,218,222,226,230,228,228,228,228,226,224,222,220,222,222,220,218,211,207,205,205,207,209,211,214,216,218,216,214,209,203,205,209,205,201,201,203,199,197,193,189,193,197,195,195,195,195,191,189,189,189,187,187,185,185,185,185,185,185,185,185,185,185,182,182,182,182,180,178,178,178,182,187,193,201,209,218,222,226,224,224,222,222,220,220,220,220,220,222,222,224,228,232,234,236,236,238,238,238,238,240,240,243,243,243,240,238,238,238,238,238,243,245,247,247,247,247,247,249,249,251,249,249,251,251,251,251,251,251,249,249,249,249,251,251,251,253,253,255,255,255,253,251,251,249,249,251,249,247,247,247,243,240,230,220,207,195,187,180,172,164,155,147,145,143,141,139,0,0,0,0,0,0,0,0,0,0,0,0,0,0,0,0,0,0,0,0,0,0,0,0,0,0,0,0
0,0,0,0,0,0,0,0,0,0,0,0,0,0,0,139,158,178,187,195,195,197,191,187,182,180,180,182,195,207,216,226,228,232,230,228,228,226,226,226,228,230,232,234,232,232,234,234,234,234,232,230,226,224,220,216,211,207,201,195,189,182,174,166,162,158,158,160,164,166,166,164,155,147,135,122,137,149,164,176,180,182,189,195,195,195,193,189,185,180,172,166,155,147,139,133,139,147,158,170,176,182,185,189,191,193,193,193,195,197,197,199,195,193,191,189,187,185,180,176,170,166,158,149,139,131,133,133,135,135,131,129,133,139,147,158,162,166,172,178,191,205,211,220,220,220,222,222,220,216,207,199,191,185,182,180,180,182,182,182,178,176,178,178,182,187,191,195,199,201,203,207,207,209,211,214,218,222,226,232,230,230,228,226,224,222,220,218,218,220,218,218,211,207,205,203,205,207,211,216,218,220,218,216,211,209,209,211,205,199,199,199,203,205,203,203,203,203,199,195,195,193,191,189,187,187,187,189,189,189,189,187,187,187,185,185,185,185,185,185,182,182,180,178,178,180,180,182,187,193,199,207,214,222,224,226,226,226,224,224,224,224,224,224,226,228,232,236,236,238,240,240,240,243,240,240,243,243,243,243,243,240,240,240,240,240,243,245,245,247,247,247,247,249,249,251,251,249,251,251,251,251,249,249,249,249,249,249,249,249,249,251,251,253,253,253,251,251,249,249,249,251,249,249,247,247,243,236,226,214,201,191,182,174,166,158,149,141,141,139,137,135,0,0,0,0,0,0,0,0,0,0,0,0,0,0,0,0,0,0,0,0,0,0,0,0,0,0,0,0
0,0,0,0,0,0,0,0,0,0,0,0,0,0,0,137,158,178,189,199,201,205,199,195,189,182,182,180,193,205,216,226,230,236,234,234,232,230,228,228,228,230,232,236,234,234,234,232,232,230,228,224,218,214,207,203,201,197,193,191,185,178,168,158,151,147,147,149,155,160,160,160,147,135,122,0,131,151,166,180,185,189,197,205,205,207,203,199,191,185,178,172,166,162,153,147,153,160,168,176,180,187,191,197,199,203,203,203,203,205,205,205,201,199,195,193,189,185,178,174,168,162,153,145,139,133,137,143,143,143,137,133,135,137,145,155,160,166,170,176,189,203,211,220,220,220,222,222,220,218,209,201,193,185,182,180,180,182,182,180,176,172,168,166,170,174,180,189,193,197,201,205,207,209,211,216,218,222,228,234,232,230,228,226,224,222,218,214,216,218,216,216,211,209,205,203,205,207,211,218,220,220,218,218,216,214,214,214,205,199,197,197,205,214,216,218,214,211,203,197,195,193,191,187,187,187,187,189,191,193,191,191,189,187,187,187,187,187,187,185,182,182,180,180,180,180,180,180,180,182,191,199,207,218,222,228,228,230,228,228,228,228,226,226,230,234,236,240,240,243,243,245,245,245,245,243,243,243,243,245,243,243,243,243,243,245,245,245,245,245,247,247,249,249,251,251,251,251,251,251,251,251,249,249,249,249,249,249,249,249,249,249,249,251,251,251,251,251,249,249,249,251,249,249,249,249,240,234,222,207,197,189,178,170,160,151,143,137,137,137,135,133,0,0,0,0,0,0,0,0,0,0,0,0,0,0,0,0,0,0,0,0,0,0,0,0,0,0,0,0
0,0,0,0,0,0,0,0,0,0,0,0,0,0,0,131,151,170,185,197,201,207,205,203,197,191,187,185,193,203,214,224,228,234,234,234,232,230,228,228,228,230,232,234,232,232,230,228,224,222,216,211,205,201,197,195,191,187,182,176,170,166,160,153,153,153,158,162,164,168,166,166,155,147,137,124,139,153,166,178,187,197,205,214,214,216,211,209,203,197,189,180,176,170,164,158,162,168,174,182,189,195,199,205,207,207,207,207,207,205,205,203,199,197,193,189,185,180,176,172,164,158,149,141,139,137,143,149,149,147,143,137,137,137,145,153,160,166,170,172,187,199,209,218,220,220,222,224,220,218,209,203,193,185,182,178,180,180,176,174,166,160,155,151,158,164,172,178,182,189,195,203,205,207,211,216,218,222,226,232,230,230,226,224,222,220,216,214,214,216,216,216,214,214,209,207,209,209,214,218,218,218,216,216,214,214,214,214,207,203,201,201,207,211,214,214,216,216,209,205,201,199,193,189,189,187,189,191,191,193,191,191,189,189,189,187,187,187,185,185,182,182,180,180,180,180,180,180,180,182,187,191,197,205,214,222,224,228,230,230,230,230,230,230,232,236,238,240,243,245,243,243,243,245,243,243,243,243,243,243,243,243,243,245,245,245,245,245,245,247,247,247,249,249,251,251,251,251,249,249,249,251,249,249,249,249,249,247,247,247,247,249,251,253,251,251,251,251,251,251,251,253,251,251,249,249,238,230,218,203,193,185,174,166,155,147,141,135,135,135,133,129,0,0,0,0,0,0,0,0,0,0,0,0,0,0,0,0,0,0,0,0,0,0,0,0,0,0,0,0
0,0,0,0,0,0,0,0,0,0,0,0,0,0,0,126,143,162,178,197,203,209,209,211,205,199,193,189,195,201,214,224,228,232,232,234,232,230,230,228,230,230,232,232,230,230,226,224,218,214,205,199,195,189,187,187,182,178,170,164,158,153,151,151,155,162,168,174,174,176,174,172,166,160,149,141,149,158,168,178,191,203,211,222,222,224,222,222,216,209,199,191,185,178,172,168,172,176,182,189,195,203,209,214,214,214,211,211,209,207,205,203,199,195,189,185,180,178,172,168,160,151,145,139,139,141,147,155,155,153,147,143,139,137,145,153,160,166,168,170,182,197,207,218,218,220,222,224,222,220,211,203,195,185,182,178,178,178,172,168,158,149,143,137,145,153,162,170,174,180,191,201,203,207,211,216,218,222,226,232,230,228,226,224,220,218,216,214,214,214,214,214,216,218,216,214,214,214,216,218,216,216,216,214,214,211,214,216,211,207,205,205,209,211,211,211,216,220,218,216,209,205,197,191,189,189,191,193,191,191,191,191,191,191,189,189,187,187,185,185,182,182,180,180,180,178,180,182,180,180,180,182,189,195,205,216,222,228,230,234,234,234,234,234,236,238,240,243,245,245,243,243,243,243,243,245,245,245,243,243,243,245,245,245,245,245,245,245,247,249,249,249,249,251,251,253,251,251,249,249,249,251,249,249,249,249,247,247,247,247,247,249,251,253,253,253,253,253,253,253,253,255,253,251,249,249,238,228,214,199,189,180,170,162,151,143,139,135,135,135,131,0,0,0,0,0,0,0,0,0,0,0,0,0,0,0,0,0,0,0,0,0,0,0,0,0,0,0,0,0
0,0,0,0,0,0,0,0,0,0,0,135,133,133,131,131,141,151,170,189,199,207,209,214,209,207,203,199,203,207,218,226,228,230,232,232,230,226,224,222,222,224,222,222,220,218,214,211,205,199,193,187,182,176,174,170,166,160,155,149,149,147,151,158,164,170,176,180,180,180,178,176,172,166,160,151,155,162,172,182,197,209,218,224,224,226,224,224,220,218,211,205,199,193,189,182,187,191,197,201,207,211,214,216,214,209,207,205,203,201,197,195,191,187,182,178,176,174,170,166,155,145,141,139,143,147,151,158,155,155,151,149,143,139,145,149,155,164,166,168,180,191,203,214,218,222,222,224,222,220,211,203,195,187,182,180,178,176,168,160,149,139,137,135,139,145,151,158,166,174,187,199,203,207,211,216,220,224,228,232,230,226,224,222,220,218,214,211,211,211,214,214,216,220,220,218,218,218,218,216,216,214,211,211,211,211,211,214,211,209,209,209,211,211,211,209,214,218,218,220,216,211,203,195,193,191,191,193,191,191,189,189,189,189,187,187,185,185,185,185,182,180,180,180,178,178,180,182,182,182,182,182,185,189,197,207,218,228,230,234,236,236,236,236,238,240,240,243,243,245,245,243,243,245,243,243,245,245,245,245,245,245,245,245,245,245,245,245,247,249,249,249,249,249,251,251,251,251,249,249,249,249,249,249,249,249,247,247,247,247,247,249,251,253,251,251,251,251,251,251,253,253,251,251,249,247,234,222,207,195,187,176,168,158,149,141,137,135,133,133,129,0,0,0,0,0,0,0,0,0,0,0,0,0,0,0,0,0,0,0,0,0,0,0,0,0,0,0,0,0
0,0,0,0,0,0,0,0,0,145,149,153,151,151,143,137,139,141,162,182,193,205,209,216,216,216,214,209,211,216,222,230,230,230,230,230,226,224,220,218,216,216,214,209,207,205,201,199,193,187,180,174,170,166,160,155,149,143,139,137,139,141,151,162,172,180,185,187,187,187,182,180,178,174,168,162,164,166,176,189,201,216,222,228,228,228,228,228,226,226,222,220,214,207,203,199,203,205,211,216,218,220,220,220,214,207,205,201,199,195,191,187,185,180,176,172,172,172,168,164,151,141,139,139,145,153,155,160,158,158,155,155,149,143,145,145,153,162,164,168,176,187,199,211,216,222,224,226,222,220,211,203,195,187,185,182,178,174,162,151,141,131,133,133,135,135,139,145,155,168,182,197,203,207,211,216,220,226,228,232,228,224,222,220,218,216,214,211,211,211,211,214,218,222,222,224,222,222,220,216,214,211,209,209,209,209,211,214,214,214,214,216,214,214,211,209,211,216,220,224,220,218,209,199,197,195,193,193,191,189,189,189,187,187,187,185,182,182,182,182,180,180,180,180,178,178,180,182,182,182,182,182,182,182,191,199,214,226,232,236,238,238,240,240,240,243,243,243,243,245,245,245,245,245,245,243,245,245,245,245,245,247,245,245,245,245,245,245,247,249,249,249,249,249,249,251,251,251,249,249,249,249,249,249,249,249,249,249,249,249,249,249,249,251,251,249,249,251,251,251,251,253,251,251,247,245,230,218,203,191,182,174,164,155,147,139,135,133,133,133,0,0,0,0,0,0,0,0,0,0,0,0,0,0,0,0,0,0,0,0,0,0,0,0,0,0,0,0,0,0
0,0,0,0,0,0,0,0,137,162,164,166,166,166,160,153,149,147,160,174,185,197,203,209,214,218,218,218,220,224,228,232,230,230,228,226,222,218,214,209,207,205,201,197,195,193,189,185,180,174,168,164,160,155,153,149,147,143,143,143,147,151,160,170,176,185,187,191,193,193,191,189,187,182,178,174,174,176,187,195,207,220,224,228,226,226,224,222,222,222,222,224,220,216,214,211,216,218,220,222,220,220,218,214,207,201,197,195,191,189,185,180,178,176,174,170,168,166,160,153,145,137,141,145,151,158,158,160,160,160,160,158,153,149,147,145,151,155,160,164,172,180,191,203,211,220,222,222,220,220,211,205,197,189,185,180,174,170,158,145,135,126,124,124,129,131,141,151,164,178,189,201,205,209,214,218,222,224,228,232,228,224,222,220,218,216,214,211,211,211,214,214,220,224,224,224,224,224,220,218,214,211,209,209,209,209,209,211,209,209,211,214,214,214,214,211,211,211,216,220,220,222,214,205,199,195,193,191,191,189,187,187,185,185,185,185,182,180,182,182,180,180,178,178,178,180,180,182,182,182,182,182,182,182,191,199,211,226,232,238,238,240,243,243,243,243,243,243,243,245,245,245,245,245,245,245,245,245,245,245,245,245,245,245,245,245,245,245,247,247,247,247,249,249,249,251,251,251,249,249,249,249,249,249,249,249,249,249,247,247,247,247,247,249,247,247,247,249,249,249,249,249,247,247,245,240,226,214,199,187,178,170,162,151,143,135,133,131,131,131,0,0,0,0,0,0,0,0,0,0,0,0,0,0,0,0,0,0,0,0,0,0,0,0,0,0,0,0,0,0
0,0,0,0,0,0,0,139,158,178,176,176,178,182,176,172,162,153,160,166,176,189,197,205,214,220,224,228,230,232,232,234,230,228,226,224,218,214,207,201,197,193,189,187,182,180,176,172,168,162,158,153,149,147,145,145,143,143,145,149,155,160,168,176,182,189,191,195,199,201,199,199,195,193,189,185,187,187,195,203,214,224,226,228,226,224,220,216,218,218,222,226,226,226,226,226,228,230,228,228,224,220,214,209,201,193,191,187,185,180,178,176,174,174,172,170,166,162,153,143,139,135,143,151,155,162,162,162,162,162,162,162,160,158,151,145,147,151,155,162,168,174,185,197,207,218,218,220,220,218,211,205,197,191,185,180,172,166,151,137,129,0,0,0,0,129,143,160,174,187,197,205,209,214,216,220,222,224,228,230,226,224,222,220,218,216,214,211,211,211,214,216,220,226,226,226,226,226,222,220,216,211,211,209,209,209,209,209,207,205,207,211,214,216,216,214,211,209,214,218,220,224,218,211,203,195,193,191,191,189,187,185,185,182,182,185,182,180,180,182,180,180,178,178,180,180,182,185,182,182,182,185,182,182,189,197,211,226,232,238,240,243,245,247,245,245,243,243,243,245,245,245,245,245,245,245,245,245,245,243,245,245,245,247,247,247,247,247,247,247,247,247,249,249,251,251,251,251,249,249,249,249,249,249,249,249,249,249,247,247,247,247,247,245,245,247,247,247,247,247,245,245,245,245,240,238,224,209,195,182,176,168,158,147,141,133,131,131,131,131,0,0,0,0,0,0,0,131,133,133,0,0,0,0,0,0,0,0,0,0,0,0,0,0,0,0,0,0,0,0
0,0,0,0,0,0,0,153,168,182,182,180,182,185,185,182,174,166,166,164,170,178,185,193,201,209,216,222,226,232,232,232,230,228,226,222,218,211,203,193,187,178,172,164,160,158,158,160,160,160,158,158,158,158,158,160,158,158,162,164,168,172,178,187,191,195,201,205,209,211,211,209,207,203,201,199,199,199,205,211,218,222,222,222,218,211,207,203,205,207,211,218,220,222,224,224,226,228,226,224,220,216,209,205,197,189,185,180,176,174,172,170,168,166,164,160,155,151,145,139,141,145,151,158,160,162,162,162,164,164,164,164,162,162,155,149,149,149,153,155,162,168,178,191,199,209,214,218,220,220,214,209,201,193,185,178,168,158,143,129,0,0,0,0,131,145,162,178,189,197,203,207,211,216,220,224,224,224,226,230,226,224,222,220,218,216,211,209,211,214,216,218,224,228,228,226,226,226,224,222,218,216,214,211,209,209,209,209,207,207,209,211,211,214,214,214,211,209,214,216,220,224,220,216,205,197,191,187,187,185,185,182,182,182,182,185,182,180,182,182,182,180,180,180,180,180,180,182,182,180,182,185,185,187,195,203,216,228,234,240,243,245,245,247,245,243,243,243,243,243,243,245,243,243,243,245,245,245,243,243,243,245,245,247,247,247,247,249,249,249,247,247,249,249,249,251,251,251,249,249,249,249,249,251,249,249,249,249,247,247,247,247,245,245,245,247,247,247,247,247,245,245,245,245,240,238,222,205,193,180,172,164,153,143,137,131,131,131,129,129,0,0,0,0,0,129,133,139,139,141,137,0,0,0,0,0,0,0,0,0,0,0,0,0,0,0,0,0,0,0
0,0,0,0,0,0,0,168,178,189,187,185,185,187,191,195,187,180,172,164,166,168,174,180,189,199,207,218,224,232,230,230,230,228,226,222,216,209,199,187,176,166,153,141,137,135,139,145,151,155,160,164,166,170,172,174,172,172,176,180,182,187,191,195,199,203,209,216,220,224,222,222,220,216,214,211,211,214,216,220,222,222,220,218,209,201,195,191,193,195,203,211,216,220,222,224,224,226,222,220,216,211,205,199,191,185,178,172,170,168,166,166,162,160,155,149,145,139,137,135,145,153,160,166,164,164,164,164,164,166,166,166,166,166,160,153,149,147,149,151,158,164,174,185,193,203,209,216,220,224,218,211,203,195,187,176,164,151,137,122,0,0,0,0,139,162,178,197,203,209,209,211,214,218,222,228,226,226,226,228,226,224,222,222,218,214,211,209,211,214,218,222,226,232,230,228,228,228,226,224,222,218,216,211,211,211,209,209,209,209,209,211,211,211,214,216,214,211,214,216,220,226,224,222,209,199,191,185,182,182,182,182,182,182,182,185,182,180,182,185,182,180,180,180,180,180,180,182,180,180,182,185,187,191,199,207,220,232,238,243,245,247,247,247,245,243,243,243,243,243,243,243,243,243,243,243,243,245,243,243,243,245,245,247,247,249,249,251,249,249,249,249,249,249,249,249,251,251,251,249,249,251,251,253,251,251,249,249,249,247,247,247,245,245,245,247,247,249,247,247,245,245,245,245,240,236,220,203,191,178,168,160,149,137,133,129,129,131,129,129,0,0,0,126,129,133,139,145,147,149,145,141,0,0,0,0,0,0,0,0,0,0,0,0,0,0,0,0,0,0
0,0,0,0,0,0,141,176,185,195,189,185,182,180,189,195,191,187,178,170,168,166,168,172,180,191,201,211,220,228,228,230,230,230,226,224,218,211,201,189,174,162,145,129,126,126,139,151,160,168,172,176,178,182,182,185,182,182,187,189,193,195,199,205,207,211,216,220,222,226,224,224,222,220,216,214,216,216,218,222,222,220,216,209,199,189,182,176,178,182,193,201,207,214,218,220,222,222,218,216,211,207,201,197,189,182,176,170,166,162,160,158,153,149,145,143,141,141,143,147,153,162,164,166,168,168,168,168,168,168,168,168,166,164,160,158,153,151,151,153,158,164,170,178,187,195,203,211,216,222,216,211,203,195,187,176,162,145,131,0,0,0,0,126,151,174,187,201,205,209,209,209,214,218,222,228,226,224,226,228,224,222,220,218,216,211,209,207,211,216,220,224,228,230,228,228,226,226,226,226,224,222,218,216,214,211,209,209,209,209,209,209,209,209,209,209,207,207,207,209,216,222,224,226,216,205,195,187,185,182,182,180,180,178,178,178,178,176,178,180,178,178,180,180,180,180,180,180,180,180,182,187,193,199,205,214,224,232,236,240,243,245,245,245,243,240,240,240,240,243,243,243,243,240,243,243,243,245,243,243,245,245,245,247,247,249,249,249,249,249,249,247,249,249,249,249,251,251,251,251,251,251,251,253,251,251,249,249,249,247,245,245,245,245,245,247,247,249,247,245,247,247,247,249,245,240,222,205,191,176,168,160,147,135,131,124,124,126,0,0,0,0,0,126,131,135,141,147,151,155,151,149,137,0,0,0,0,0,0,0,0,0,0,0,0,0,0,0,0,0
0,0,0,0,0,0,149,185,191,199,193,185,180,176,185,195,195,195,187,178,170,164,164,164,172,182,195,207,216,224,226,230,230,232,228,226,220,216,203,191,174,158,137,116,116,118,139,160,168,178,182,189,191,195,195,195,195,195,197,199,203,205,209,214,218,220,222,224,226,228,228,228,224,222,220,218,218,220,222,224,222,220,209,201,189,178,170,162,166,170,182,193,201,209,214,218,218,218,216,211,207,203,199,193,187,180,172,166,162,158,153,149,143,139,137,135,139,143,149,158,164,170,170,168,170,172,172,172,172,172,170,168,166,164,162,162,160,155,155,155,158,162,168,172,180,187,197,205,211,220,214,209,203,197,187,176,158,141,124,0,0,0,0,137,162,187,197,207,207,209,207,207,214,220,224,228,226,224,226,226,224,222,220,216,211,209,207,205,211,218,222,228,228,230,228,226,226,226,226,228,226,226,222,220,216,214,211,209,209,209,209,209,209,207,207,205,203,203,203,203,209,218,224,230,220,211,199,189,185,182,182,180,178,176,174,174,174,174,174,176,176,176,178,182,182,182,180,180,178,178,185,189,197,205,214,222,226,232,234,238,240,243,243,245,243,240,240,240,240,243,243,243,240,240,240,243,243,245,245,245,245,247,247,247,247,249,249,249,249,249,249,247,249,249,249,251,251,251,251,251,251,251,253,253,251,251,251,251,249,247,245,245,245,247,247,247,247,249,247,245,247,249,251,251,247,243,224,205,191,176,168,158,145,133,126,0,0,0,0,0,0,0,0,126,133,137,143,151,155,160,160,158,145,0,0,0,0,0,0,0,0,0,0,0,0,0,0,0,0,0
0,0,0,0,0,0,158,191,197,205,195,187,178,172,182,193,195,197,193,187,178,170,168,166,174,180,191,201,209,218,224,228,228,230,228,228,222,218,207,197,182,168,149,133,133,135,153,172,178,187,191,195,199,203,203,203,205,205,207,209,209,211,211,214,214,214,214,216,218,220,222,224,222,222,218,214,216,218,218,220,218,214,203,193,180,170,162,151,158,166,176,187,195,203,207,214,211,211,209,207,203,199,195,189,182,176,170,164,160,155,151,147,143,141,143,145,149,153,160,166,168,172,172,172,174,178,176,176,176,176,176,176,172,170,168,166,162,160,158,158,160,162,166,170,176,182,191,201,207,216,211,207,201,195,185,172,153,135,0,0,0,0,131,149,170,189,197,205,205,207,205,205,209,216,222,226,224,224,224,224,222,220,216,214,209,207,207,207,214,220,224,228,228,228,226,226,224,224,226,228,226,226,224,222,218,216,214,214,211,211,209,209,209,207,207,205,203,201,201,201,207,216,222,230,224,218,205,193,189,185,182,180,178,176,174,172,172,174,174,174,174,176,178,180,180,180,180,180,182,182,189,197,203,209,214,218,218,220,222,224,226,230,232,236,236,238,238,238,240,240,238,238,236,236,238,238,240,243,245,245,247,247,247,247,247,249,249,249,249,249,249,249,249,249,249,249,249,249,249,249,249,249,251,251,249,249,249,249,247,245,245,245,245,245,247,247,247,247,247,245,247,249,249,249,247,243,226,209,195,178,170,160,147,135,126,0,0,0,0,0,0,0,0,129,135,141,147,153,160,164,164,164,151,141,0,0,0,0,0,0,0,0,0,0,0,0,0,0,0,0
0,0,0,0,0,0,166,197,203,209,199,187,178,170,180,191,195,201,199,197,187,178,174,170,174,180,189,197,205,214,220,226,228,230,228,228,224,222,211,203,191,178,164,149,151,153,170,187,191,195,197,201,205,211,211,211,216,218,218,218,218,216,214,211,209,207,205,205,209,214,218,222,220,220,216,211,214,216,216,218,214,207,197,185,174,164,153,143,151,160,170,178,189,199,203,207,207,205,203,203,199,195,191,187,180,174,168,164,158,153,149,145,145,145,149,153,160,166,170,174,174,174,174,176,180,182,182,182,182,182,182,185,180,176,172,170,166,162,162,162,162,162,164,166,172,178,187,197,205,211,209,207,201,195,182,170,149,131,0,0,0,0,141,162,178,193,199,203,203,205,203,201,207,214,220,224,224,224,224,224,220,218,214,209,207,207,207,209,216,222,224,228,226,226,226,224,224,224,226,228,228,228,226,226,222,218,216,216,214,214,211,209,209,209,207,205,201,199,199,201,207,214,222,230,226,224,209,197,191,185,182,182,178,176,174,170,172,174,174,174,174,176,178,180,180,180,180,182,185,187,195,203,209,214,214,214,209,207,209,209,214,218,224,230,232,236,236,238,238,240,236,234,234,232,234,236,238,243,245,247,247,249,247,247,247,249,249,249,247,247,249,249,249,249,249,249,249,247,247,247,247,247,249,249,249,247,247,247,247,245,245,245,245,245,247,247,247,247,247,247,247,247,247,247,245,243,228,214,197,182,172,162,149,137,126,0,0,0,0,0,0,0,0,129,137,143,149,155,162,170,170,170,160,149,0,0,0,0,0,0,0,0,0,0,0,0,0,0,0,0
0,0,0,0,0,145,170,197,203,209,199,187,178,170,178,189,195,201,199,199,191,185,178,174,178,180,189,195,203,211,218,226,226,228,226,226,226,224,218,211,201,191,178,164,164,164,172,182,189,193,199,205,211,218,218,218,220,222,220,220,216,211,207,203,199,195,193,193,197,201,207,214,216,220,218,214,216,216,216,216,209,203,193,182,172,162,151,141,151,160,168,176,185,195,197,201,199,199,199,199,195,191,187,182,176,172,166,162,155,149,147,145,147,149,153,160,164,168,172,174,174,174,176,178,180,182,182,180,180,180,182,185,182,180,178,176,172,168,168,168,166,166,166,168,172,176,185,193,199,207,205,203,197,191,178,168,147,129,0,0,0,131,149,168,178,191,197,201,203,203,201,199,205,211,216,222,222,222,222,222,218,216,211,209,207,207,209,214,218,222,224,228,226,224,224,224,224,224,226,228,228,228,226,226,222,220,218,218,216,214,211,209,209,209,207,207,205,203,203,203,205,207,218,226,228,228,216,203,195,187,182,180,178,178,174,172,174,176,176,174,176,176,178,178,180,182,185,187,191,195,201,205,207,207,205,203,199,195,197,199,203,207,216,222,226,232,234,236,236,238,236,234,234,232,234,236,240,245,245,247,247,247,247,247,249,249,249,249,247,247,247,249,247,247,247,247,247,247,245,245,245,245,245,245,245,243,243,245,245,245,245,245,245,245,247,247,247,247,247,247,247,247,247,247,245,245,232,220,203,187,176,166,153,141,131,0,0,0,0,0,0,0,126,133,141,147,153,160,166,172,172,172,162,153,0,0,0,0,0,0,0,0,0,0,0,0,0,0,0,0
0,0,0,0,0,153,176,199,205,211,199,187,178,170,178,187,193,201,201,201,195,191,185,180,180,182,187,193,201,209,218,226,226,226,226,226,226,228,224,222,214,205,193,180,176,172,176,180,187,193,201,211,218,224,224,224,226,226,224,220,214,207,199,193,187,182,180,178,182,189,197,205,211,220,218,218,216,216,216,216,205,197,189,180,170,160,149,141,151,162,168,176,182,189,191,193,193,195,195,195,191,187,182,178,174,168,164,160,151,145,145,145,149,153,160,166,168,172,174,176,176,176,178,180,182,185,182,180,180,180,185,187,187,187,185,182,178,174,174,172,172,170,170,170,172,174,180,189,195,201,201,201,195,189,176,166,145,126,122,0,129,143,158,174,180,189,195,199,201,203,201,199,203,207,214,220,222,222,222,220,218,214,211,207,207,207,211,216,220,222,224,228,224,222,224,224,224,224,226,228,228,230,228,226,224,222,220,218,216,214,211,209,209,209,209,209,207,207,205,205,205,203,214,224,228,232,220,209,199,189,185,180,178,178,176,176,176,178,176,176,176,178,178,178,180,185,189,193,199,205,205,207,205,201,197,193,189,185,185,187,193,199,207,216,222,228,230,234,234,236,234,234,234,234,236,238,243,247,247,249,247,247,247,249,249,251,249,249,247,247,247,247,247,247,247,247,245,245,245,245,245,245,243,243,240,240,240,240,243,243,243,245,245,245,247,249,247,247,247,247,247,247,247,247,247,245,234,226,209,193,180,168,158,147,135,124,0,0,0,0,0,124,131,137,145,151,158,164,170,174,174,174,166,158,139,0,0,0,0,0,0,0,0,0,0,0,0,0,0,0
0,0,0,0,0,160,180,201,205,211,199,187,178,170,176,185,193,201,201,201,197,195,189,185,185,185,189,195,203,214,220,226,226,226,226,224,226,228,226,224,218,211,201,191,185,178,178,180,185,191,197,203,209,218,218,220,222,224,222,220,211,205,197,191,182,174,172,168,172,176,187,197,205,216,216,216,214,214,209,207,199,193,185,178,168,158,149,141,151,162,168,174,178,182,185,185,187,187,187,189,185,180,178,176,170,164,158,151,145,137,141,145,149,155,160,166,168,172,172,174,174,174,174,176,176,176,174,174,174,174,176,176,178,178,178,178,174,172,172,172,170,170,170,170,172,172,178,185,189,195,195,195,189,182,172,160,143,124,0,0,131,143,158,172,180,187,191,197,199,201,199,199,201,205,211,218,218,218,216,214,209,205,205,207,207,209,214,218,220,222,224,226,224,222,222,224,224,224,224,226,228,228,226,226,224,224,222,220,218,216,211,209,209,207,207,207,207,207,205,205,203,201,209,220,226,234,224,216,203,191,187,180,180,180,178,176,178,178,178,176,178,180,182,185,189,193,197,201,203,203,201,201,197,193,191,187,185,182,185,187,193,199,207,216,222,228,232,236,236,238,238,238,238,238,240,240,245,247,247,247,247,249,249,249,249,249,247,247,247,247,245,245,245,245,243,240,240,238,238,238,238,238,236,236,234,232,234,234,234,234,236,238,238,240,243,245,245,247,247,247,247,247,247,247,247,247,238,232,216,201,189,176,166,155,145,135,126,0,122,126,131,133,139,145,151,158,164,168,172,176,176,174,168,160,143,0,0,0,0,0,0,0,0,0,0,0,0,0,0,0
0,0,0,0,0,166,185,203,207,211,199,187,178,170,176,185,193,201,201,203,201,199,195,191,189,187,193,197,207,218,222,228,228,228,226,224,226,230,228,228,224,220,209,201,191,182,180,178,182,187,191,197,203,209,214,216,218,222,220,218,211,205,195,187,176,168,162,158,162,166,178,191,201,211,211,214,211,209,205,201,195,187,182,176,166,155,147,141,151,164,168,172,174,178,178,178,178,180,180,180,178,176,176,174,168,162,151,143,137,131,139,147,151,158,162,166,168,172,172,172,172,172,170,170,170,168,168,166,168,168,168,168,168,170,172,172,172,172,170,170,170,170,170,170,172,172,176,180,185,189,189,189,182,178,166,155,139,124,0,0,133,145,158,172,178,185,189,193,197,199,199,199,201,203,209,216,216,214,209,205,201,199,201,205,209,214,216,220,222,224,224,224,222,220,222,222,222,222,224,224,226,228,226,226,226,226,224,224,220,218,214,209,209,207,207,207,207,207,205,203,201,197,207,216,226,236,228,222,207,195,189,180,182,182,180,178,178,178,178,178,180,185,187,191,197,201,205,209,205,203,199,193,189,185,182,182,182,182,185,187,193,199,207,216,222,230,234,238,238,240,243,245,245,245,245,245,247,249,247,247,249,249,249,251,249,247,247,247,245,245,245,245,243,243,240,236,234,234,234,234,234,234,232,230,228,226,226,228,228,228,230,232,234,236,238,240,243,245,247,247,247,249,249,249,249,249,243,238,224,209,197,185,174,164,153,145,135,126,131,133,137,141,147,153,160,164,168,174,176,180,178,176,170,164,147,0,0,0,0,0,0,0,0,0,0,0,0,0,0,0
0,0,0,0,0,168,187,203,207,211,199,187,178,170,176,182,193,201,203,205,203,203,199,197,195,195,199,205,214,220,222,224,224,222,222,220,222,226,226,228,226,224,218,211,203,195,189,185,185,185,187,191,197,203,207,211,216,220,220,218,211,203,195,187,174,164,155,147,151,158,172,187,195,205,209,211,209,207,201,195,189,182,176,170,158,147,143,139,149,162,164,168,168,170,170,170,172,172,172,172,170,170,168,166,158,149,141,133,131,131,139,147,151,155,158,162,164,166,166,166,166,166,166,166,164,164,162,160,162,162,162,162,164,164,166,166,166,166,166,166,166,166,166,168,170,172,174,176,178,180,180,180,176,172,160,147,131,0,0,0,131,143,155,170,176,182,189,193,197,199,197,197,197,199,205,211,209,207,201,197,197,195,201,207,209,214,216,220,220,222,222,224,222,222,222,222,222,222,222,222,224,226,226,226,226,226,224,224,220,218,216,211,209,207,205,205,205,205,203,203,199,197,205,214,224,234,230,224,211,201,193,187,185,185,185,182,185,185,187,191,195,199,201,205,205,207,205,205,201,197,193,189,185,182,182,180,180,182,185,187,193,199,209,220,226,234,236,240,240,243,243,245,245,245,245,245,245,247,247,247,247,247,247,249,247,245,245,245,243,240,240,238,234,232,226,220,218,216,216,218,218,220,220,220,218,218,216,216,216,216,218,220,222,226,228,232,236,240,243,247,247,247,247,249,249,249,245,243,230,220,207,195,185,174,166,155,147,137,139,139,143,149,153,160,166,170,174,178,180,182,180,178,170,164,149,135,0,0,0,0,0,0,0,0,0,0,0,0,0,0
0,0,0,0,0,172,189,203,207,211,199,189,180,172,176,182,191,201,203,207,207,207,205,203,201,201,207,214,220,224,222,220,220,218,216,216,220,224,226,228,228,230,226,224,216,207,199,191,187,182,182,185,191,195,201,207,214,220,220,218,209,203,193,185,172,162,147,135,141,149,166,182,191,201,205,209,207,205,197,189,182,176,170,166,151,139,137,137,147,160,162,164,164,164,164,164,166,166,164,164,162,162,160,158,149,139,131,122,124,129,139,149,151,153,155,160,160,160,160,162,162,162,162,162,160,158,155,155,155,158,155,155,158,160,160,162,160,160,160,160,160,162,164,166,168,170,172,172,172,174,174,174,170,168,153,139,124,0,0,0,126,141,155,168,174,180,187,195,197,199,197,195,195,195,201,205,203,199,195,191,191,193,199,207,211,216,216,218,220,220,222,224,224,224,224,224,222,222,222,222,224,226,226,226,226,228,226,224,222,220,216,214,211,207,205,203,203,203,203,201,199,197,205,214,224,234,230,228,218,207,199,191,189,189,189,189,189,191,197,201,207,214,216,218,216,214,207,201,195,191,187,185,182,182,180,180,180,182,185,187,193,201,211,222,230,238,240,245,243,243,243,245,245,247,245,245,245,247,247,247,247,247,247,247,245,243,243,243,240,238,236,234,226,220,211,205,201,197,199,201,203,207,209,211,209,207,205,203,203,205,207,209,211,216,220,226,230,236,240,245,245,247,247,249,249,249,249,247,238,230,218,207,197,187,176,168,158,147,147,147,151,155,162,168,172,178,180,185,185,185,182,180,172,166,153,139,0,0,0,0,0,0,0,0,0,0,0,0,0,0
0,0,0,0,0,176,191,205,207,211,199,189,180,170,176,182,191,201,205,209,209,209,209,209,209,209,214,218,220,224,220,216,214,209,207,203,207,211,214,218,220,222,222,222,218,216,209,203,197,191,191,191,193,195,199,205,211,218,218,216,207,201,193,185,172,162,145,131,139,147,164,180,189,197,201,207,203,199,191,185,178,172,166,158,145,133,135,137,145,155,158,160,160,160,158,158,158,158,155,155,153,151,147,143,137,129,122,118,122,126,133,139,141,141,143,145,145,145,147,149,149,149,149,151,149,147,145,145,145,147,147,147,151,153,158,160,160,162,160,160,160,160,162,164,164,166,166,168,168,168,166,166,160,153,137,0,0,0,0,0,0,135,151,168,174,182,189,195,195,197,195,193,195,195,197,201,199,199,195,193,195,195,201,209,211,214,216,216,218,220,220,222,222,224,222,222,222,222,222,222,224,224,226,226,226,228,226,226,222,218,216,214,209,207,205,203,203,203,203,203,201,199,205,211,222,232,230,230,220,211,203,197,195,195,195,197,199,203,207,211,216,220,220,218,211,205,199,193,189,185,182,180,180,178,178,178,180,180,185,189,199,207,218,228,234,240,240,243,243,243,243,243,245,245,245,245,245,245,245,245,245,243,243,240,238,238,234,232,230,226,222,216,207,201,195,189,187,185,185,187,191,195,199,201,201,199,197,195,195,195,197,197,201,205,211,216,222,228,232,238,240,243,245,247,247,249,249,249,243,238,228,218,207,197,187,178,168,158,155,153,155,160,166,172,176,182,185,189,189,189,185,180,174,168,153,141,0,0,0,0,0,0,0,0,0,0,0,0,0,0
0,0,0,0,139,178,193,205,207,211,201,191,180,170,176,182,191,201,205,211,211,211,214,216,216,216,220,222,222,222,218,214,207,201,197,193,197,199,203,207,211,216,218,220,222,222,218,216,207,201,199,195,195,195,199,203,209,216,216,216,207,199,191,182,172,162,143,124,135,145,162,178,187,195,199,203,199,195,187,180,174,170,160,151,141,129,133,137,143,151,153,155,155,155,153,151,149,149,149,149,145,143,137,131,124,118,0,0,118,124,126,129,129,131,131,133,133,133,135,137,137,137,139,141,139,137,135,135,135,137,139,139,145,149,153,158,160,164,162,160,158,158,160,162,162,162,162,164,162,162,160,160,149,141,0,0,0,0,0,0,0,131,147,166,176,187,191,195,195,195,193,193,193,195,195,197,197,199,197,197,197,199,205,209,211,214,214,216,216,218,220,222,222,224,222,222,222,222,222,222,224,224,226,226,228,230,228,228,222,218,216,214,209,207,205,205,205,205,205,205,203,203,205,209,220,232,232,232,224,216,209,203,201,201,203,205,209,214,218,224,226,228,222,218,207,199,191,185,182,180,180,178,178,176,176,176,178,180,187,193,203,214,224,236,238,243,243,243,243,243,243,243,243,243,243,245,245,245,245,245,243,240,238,236,234,232,228,224,220,214,207,199,191,180,176,172,170,170,172,174,178,185,189,193,193,193,189,187,187,187,187,187,191,195,201,207,214,220,226,230,236,240,243,247,247,247,249,251,249,247,238,230,220,209,199,189,178,170,164,160,162,164,170,176,180,187,189,191,191,191,187,182,176,170,155,143,0,0,0,0,0,0,0,0,0,0,0,0,0,0
0,0,0,0,141,178,193,205,209,214,203,193,182,172,176,180,191,201,205,211,214,216,218,220,220,220,220,222,222,222,218,214,205,199,193,189,187,187,189,193,199,203,207,211,214,216,216,216,211,207,205,203,201,201,203,205,209,216,216,216,207,197,191,182,172,162,147,131,139,149,164,178,185,191,195,197,193,189,182,178,172,166,155,145,137,129,131,135,139,143,147,149,147,147,145,143,143,141,141,139,135,131,124,120,0,0,0,0,0,0,0,0,118,120,122,124,122,122,122,124,124,124,124,126,124,122,118,0,0,0,0,0,122,129,135,139,143,147,145,143,145,145,151,155,158,158,160,160,160,158,153,149,135,0,0,0,0,0,0,0,0,133,153,174,182,191,193,197,195,195,193,193,193,193,193,195,197,199,199,199,201,203,205,209,211,211,214,214,216,218,218,220,222,222,220,220,220,220,220,222,224,224,226,226,228,230,228,226,222,218,216,214,209,207,207,207,205,205,205,205,203,201,205,209,220,230,230,230,222,216,207,201,201,201,203,207,209,214,216,220,216,214,209,203,195,189,185,180,178,178,176,176,176,176,176,176,180,182,191,199,209,222,230,238,240,243,243,243,243,243,243,243,243,243,240,240,243,243,243,240,238,236,234,232,228,224,218,211,205,197,191,185,178,172,168,164,164,162,164,166,172,178,180,185,185,187,185,182,180,180,180,180,185,187,193,199,205,211,216,222,228,232,238,243,245,247,249,249,249,249,243,238,228,220,207,197,189,180,174,168,168,170,174,178,182,187,191,193,193,193,189,185,178,172,160,147,0,0,0,0,0,0,0,0,0,0,0,0,0,0
0,0,0,0,143,178,193,205,209,216,205,195,185,174,176,180,191,201,205,211,216,220,222,224,224,222,222,220,220,220,218,214,205,199,191,182,178,172,176,180,187,193,197,201,205,211,214,216,214,214,211,209,207,205,207,209,211,216,216,216,207,197,189,182,172,164,149,137,145,153,166,178,182,189,191,191,187,182,178,174,168,162,149,139,133,126,131,133,135,137,139,143,141,139,139,137,135,135,133,131,124,120,0,0,0,0,0,0,0,0,0,0,0,0,0,0,0,0,0,0,0,0,0,0,0,0,0,0,0,0,0,0,0,0,0,122,126,133,131,126,131,135,143,151,153,155,155,158,155,155,147,139,0,0,0,0,0,0,0,0,0,135,158,182,189,197,197,199,197,197,195,193,193,191,193,193,195,199,201,203,203,205,207,211,211,211,211,214,214,216,218,220,220,220,220,218,218,220,220,222,224,226,226,228,228,230,228,226,222,220,216,214,211,207,207,209,207,205,205,207,203,201,205,211,220,230,230,230,222,214,205,199,199,201,205,207,211,214,214,216,207,201,195,189,185,180,178,176,176,176,174,174,174,174,176,176,180,185,195,205,218,230,234,240,240,243,243,243,243,243,243,243,243,240,240,238,238,240,238,238,236,234,230,228,220,214,205,199,191,182,176,172,168,164,160,155,155,155,158,160,166,172,174,178,178,180,178,178,176,174,174,174,176,180,185,191,197,203,207,214,220,226,232,238,243,247,247,249,249,249,247,245,236,230,218,207,199,191,182,176,176,174,178,182,185,189,193,197,195,195,189,185,178,174,164,153,0,0,0,0,0,0,0,0,0,0,0,0,0,0
0,0,0,0,141,178,191,205,209,214,205,195,185,174,176,180,189,199,203,209,214,218,220,224,222,222,222,222,222,222,218,216,209,203,195,187,178,170,170,170,176,180,187,191,195,199,201,205,205,207,207,207,209,209,211,211,214,216,216,216,207,199,191,185,174,166,153,143,149,155,166,176,180,185,185,185,180,176,174,170,162,151,141,131,129,126,126,129,126,124,129,131,131,131,131,133,135,135,133,129,124,120,0,0,0,0,0,0,0,0,0,0,0,0,0,0,0,0,0,0,0,0,0,0,0,0,0,0,0,0,0,0,0,0,0,0,0,0,0,0,0,0,124,135,143,149,151,153,147,143,133,0,0,0,0,0,0,0,0,0,129,153,170,189,193,197,197,199,199,199,197,195,195,193,193,195,197,199,201,203,205,207,209,211,211,211,214,214,214,214,216,218,218,220,220,218,220,220,220,222,222,224,226,228,228,230,228,226,222,220,218,216,211,209,209,209,207,207,207,207,203,201,205,211,220,228,228,228,220,211,205,199,199,201,201,201,201,201,201,201,195,191,187,182,180,178,176,174,174,174,174,174,174,174,176,178,185,189,199,209,222,232,234,238,238,240,240,240,240,240,240,240,238,238,238,236,236,236,234,234,232,230,224,220,211,205,197,189,182,174,170,166,162,158,153,147,145,145,149,153,160,166,170,174,176,176,176,176,174,172,172,170,172,174,178,182,189,195,201,207,214,220,226,234,238,243,245,247,247,247,247,247,243,236,226,216,207,199,193,187,185,182,182,185,187,189,193,197,195,195,191,187,180,174,166,158,135,0,0,0,0,0,0,0,0,0,0,0,0,0
0,0,0,0,141,178,191,205,207,211,203,197,187,176,176,178,187,197,201,207,214,218,220,222,222,224,224,224,222,222,220,220,214,209,199,189,178,168,166,162,166,170,176,180,185,189,191,195,197,201,203,207,209,214,214,216,218,218,218,218,207,199,193,187,178,170,160,149,151,155,164,174,176,180,180,180,176,172,168,166,153,143,133,122,124,126,124,124,118,0,0,0,120,120,124,131,133,135,133,129,124,122,118,0,0,0,0,0,0,0,0,0,120,129,131,131,126,122,0,0,0,0,0,0,0,0,0,0,0,0,0,0,0,0,0,0,0,0,0,0,0,0,0,0,133,145,147,149,141,133,0,0,0,0,0,0,0,0,0,0,147,170,182,197,197,197,197,199,199,201,199,199,197,195,195,195,197,199,201,203,205,209,211,211,214,214,214,214,214,214,214,216,218,220,220,220,220,220,222,222,222,222,226,228,228,228,226,224,224,222,220,216,214,211,211,209,209,207,207,207,205,203,207,211,220,228,228,228,218,209,203,199,199,199,197,195,191,189,189,187,182,180,178,176,176,176,174,174,174,174,174,176,174,174,176,180,187,195,205,216,226,236,236,236,236,238,238,238,238,238,238,238,236,236,236,236,234,232,232,230,228,224,218,211,205,197,189,180,174,168,164,162,155,151,145,141,137,135,139,145,153,160,166,172,172,174,174,174,172,172,170,168,168,168,172,176,182,189,195,201,207,214,220,228,234,238,243,245,245,245,247,249,247,245,236,226,218,209,203,197,193,189,189,187,189,189,193,197,197,197,191,187,182,176,170,164,143,0,0,0,0,0,0,0,0,0,0,0,0,0
0,0,0,0,137,176,191,207,211,216,209,201,189,178,178,178,187,195,201,205,209,216,218,220,222,224,224,224,224,224,222,220,216,214,205,197,187,176,170,164,164,162,166,170,172,174,178,180,185,189,195,199,203,207,211,214,218,220,218,218,209,203,197,191,182,174,162,151,151,153,162,170,172,174,174,174,170,168,162,158,145,133,126,120,122,124,120,0,0,0,0,0,0,122,129,135,139,141,139,137,137,137,131,124,0,0,0,0,116,124,129,133,139,145,145,143,141,139,145,0,0,0,0,0,0,0,0,0,0,0,0,0,0,0,0,0,0,0,0,0,0,0,0,0,0,129,131,133,0,0,0,0,0,0,0,0,0,0,129,145,164,182,191,197,197,195,197,197,199,201,201,201,199,197,197,197,199,201,203,203,207,211,211,211,214,216,214,214,214,214,214,214,216,220,218,218,218,218,220,220,220,222,224,226,226,226,226,224,224,222,218,214,211,211,209,209,209,209,207,205,203,199,203,207,216,226,226,226,218,207,201,195,195,195,191,187,185,182,180,180,178,176,174,174,174,174,174,174,174,174,174,174,174,174,178,180,191,199,209,220,228,236,236,234,234,236,236,236,234,234,234,236,234,234,234,232,232,230,228,226,224,220,214,207,201,193,185,178,172,166,162,158,153,149,145,139,137,133,137,141,147,155,160,166,170,172,172,174,172,170,168,166,166,166,168,172,178,185,191,195,201,207,216,224,230,234,238,243,243,243,247,249,249,249,240,234,228,220,214,207,203,197,195,191,191,191,193,197,197,197,191,187,182,176,170,162,147,0,0,0,0,0,0,0,0,0,0,0,0,0
0,0,0,0,135,174,193,211,216,222,214,205,193,180,180,180,187,195,199,205,207,211,216,220,222,224,224,226,226,228,224,222,220,218,211,205,195,185,174,166,160,155,155,158,160,162,164,166,172,178,185,193,197,203,207,214,218,222,220,218,211,207,201,195,187,178,166,153,151,149,158,168,168,168,168,168,166,164,155,149,137,124,122,120,120,122,0,0,0,0,0,0,0,124,133,139,143,149,147,147,149,151,141,131,118,0,0,0,129,143,149,153,158,162,160,158,158,158,164,168,0,0,0,0,0,0,0,0,0,0,0,0,0,0,0,0,0,0,0,0,0,0,0,0,0,0,0,0,0,0,0,0,0,0,0,0,0,133,149,168,182,197,197,199,197,195,195,197,199,201,201,203,201,201,201,201,201,203,205,205,209,211,211,214,214,216,216,216,214,214,214,214,216,218,218,218,218,218,218,218,220,222,222,224,224,224,224,226,224,222,218,214,211,209,209,209,209,209,207,205,201,197,201,205,214,224,224,226,216,205,199,193,191,191,185,180,176,174,174,174,174,172,172,172,172,174,174,174,174,176,174,174,174,176,178,182,193,205,216,226,230,236,234,234,234,234,234,234,232,230,232,234,234,234,232,230,228,228,226,224,220,216,209,203,197,189,182,176,170,166,160,155,151,147,143,139,135,131,133,135,143,149,155,162,166,170,172,174,172,170,166,164,164,164,166,168,174,180,187,191,197,203,211,222,226,232,236,240,240,243,245,249,249,251,247,245,238,232,224,218,211,207,201,197,195,193,195,197,197,197,193,189,182,176,168,162,151,139,0,0,0,0,0,0,0,0,0,0,0,0
0,0,0,0,0,170,189,209,216,222,216,211,201,189,187,185,191,197,201,203,207,211,216,220,220,222,222,222,222,224,220,218,218,218,214,209,201,193,185,174,166,160,158,158,160,160,160,160,162,164,170,176,185,193,199,205,211,218,218,220,214,209,203,195,189,180,170,158,151,145,151,160,160,162,160,158,155,153,145,139,131,122,120,0,0,0,0,0,0,0,0,0,0,0,141,147,149,151,153,155,155,158,141,126,0,0,0,122,141,158,160,164,164,164,162,160,162,162,162,160,0,0,0,0,0,0,0,0,0,0,0,0,0,0,0,0,0,0,0,0,0,0,0,0,0,0,0,0,0,0,0,0,0,0,0,0,135,151,166,178,189,197,197,197,197,195,195,197,199,201,201,203,203,203,203,203,205,207,209,209,211,211,214,214,216,216,216,216,214,214,214,214,214,216,216,216,216,218,218,218,218,220,222,222,222,222,222,222,222,220,216,214,211,209,209,209,209,209,207,207,201,197,201,205,214,224,224,224,214,205,197,191,189,187,180,176,174,174,174,174,172,172,172,172,172,172,172,174,174,176,174,174,174,176,182,189,199,211,220,230,232,234,232,232,230,230,230,230,230,230,232,232,232,232,230,230,228,228,226,222,220,216,209,203,197,191,185,178,172,168,164,158,153,149,147,145,139,135,135,133,139,145,151,160,164,168,170,172,170,170,166,164,164,162,164,166,172,178,185,191,197,203,209,218,222,226,228,230,230,230,234,236,240,243,243,243,238,236,232,226,220,216,209,203,201,197,197,197,197,195,191,187,180,176,168,160,149,141,0,0,0,0,0,0,0,0,0,0,0,0
0,0,0,0,0,168,187,207,214,222,220,220,207,197,193,191,195,199,201,203,207,211,216,220,220,220,220,220,220,220,218,216,216,218,216,216,209,203,193,182,172,164,162,160,160,160,158,155,151,149,153,160,172,182,191,199,207,216,218,222,216,211,205,197,191,185,172,162,151,139,145,151,153,155,151,147,145,141,135,131,124,0,0,0,0,0,0,0,0,0,0,0,0,0,149,155,155,155,160,164,164,164,141,120,0,0,0,133,151,172,172,174,170,168,164,162,164,168,160,151,0,0,0,0,0,0,0,0,0,0,0,0,0,0,0,0,0,0,0,0,0,0,0,0,0,0,0,0,0,0,0,0,0,0,0,135,153,170,180,191,195,199,197,195,195,197,197,197,199,201,203,203,203,205,205,205,209,211,214,216,214,214,214,216,216,216,216,216,216,216,214,211,211,214,214,216,216,218,216,216,218,220,222,222,222,220,220,220,220,218,216,214,209,207,207,209,209,211,209,207,203,197,201,207,214,222,222,222,214,203,197,189,185,182,176,172,172,172,172,174,172,172,172,172,172,172,172,174,174,176,174,174,176,178,187,195,205,218,226,234,232,232,230,230,228,228,228,228,230,230,230,232,230,230,228,228,228,228,226,222,218,216,209,205,197,191,185,180,176,172,166,160,155,151,151,149,145,141,135,131,135,141,147,155,162,166,170,172,170,168,166,164,164,162,164,164,170,176,182,189,195,201,207,214,216,220,220,220,220,220,222,226,230,234,236,240,240,243,238,236,230,224,218,211,207,203,201,199,197,195,191,187,180,176,166,158,149,141,0,0,0,0,0,0,0,0,0,0,0,0
0,0,0,0,0,168,189,209,214,220,222,222,214,205,199,193,193,195,199,201,205,211,214,216,216,216,214,211,209,207,207,207,209,214,216,216,211,207,199,191,182,174,172,170,170,170,166,164,155,149,149,149,160,172,182,191,199,207,211,218,216,211,205,197,191,185,174,162,145,131,135,141,145,149,145,141,135,131,129,124,122,122,0,0,0,0,0,0,0,0,0,0,0,0,0,0,158,158,164,170,164,158,135,0,0,0,122,143,158,174,172,170,168,166,162,160,158,155,145,137,0,0,0,0,0,0,0,0,0,0,0,0,0,0,0,0,0,0,0,0,0,0,0,0,0,0,0,0,0,0,0,0,0,122,139,155,170,182,189,195,195,197,195,195,195,195,195,195,197,201,201,203,205,205,205,207,209,214,214,216,216,216,216,216,216,218,216,216,216,214,211,211,211,211,214,216,216,216,214,214,216,218,220,220,218,218,218,220,218,216,214,211,209,207,209,209,209,209,207,205,201,197,203,207,214,220,218,218,207,197,191,182,180,178,174,172,172,172,172,172,170,170,170,172,170,170,172,172,174,174,174,174,180,185,195,203,214,224,228,232,230,230,228,228,228,228,228,230,230,230,228,228,228,226,226,226,226,226,222,220,218,214,209,205,199,195,189,182,178,174,168,162,160,155,153,151,147,143,137,131,133,137,143,151,155,162,166,168,168,166,166,164,162,162,162,164,170,174,182,191,195,201,205,209,209,211,209,207,207,205,207,209,211,216,220,226,230,234,234,234,230,228,222,218,214,209,205,201,199,197,191,185,180,176,166,155,145,135,0,0,0,0,0,0,0,0,0,0,0,0
0,0,0,0,0,170,191,211,216,220,224,226,220,211,203,195,193,193,195,199,203,209,211,214,214,211,207,203,199,197,199,201,205,209,214,218,214,211,205,201,193,187,182,180,178,178,174,172,162,151,143,137,149,162,172,185,191,199,207,216,214,214,205,199,193,187,174,162,141,120,124,131,137,145,139,135,126,120,120,120,122,124,0,0,0,0,0,0,0,0,0,0,0,0,0,0,0,160,168,176,164,153,129,0,0,0,131,155,166,176,172,168,166,166,162,158,151,145,133,122,0,0,0,0,0,0,0,0,0,0,0,0,0,0,0,0,0,0,0,0,0,0,0,0,0,0,0,0,0,0,0,0,126,145,162,176,187,195,197,197,197,197,195,195,195,195,195,195,197,199,201,203,205,207,207,207,211,214,216,216,216,218,218,218,218,218,218,218,216,214,211,209,209,209,211,214,214,214,211,211,214,216,218,218,216,216,216,218,216,214,211,211,209,209,209,211,209,209,205,203,201,199,203,207,211,218,214,211,201,191,185,178,176,174,172,170,170,170,170,170,170,170,170,170,170,170,170,172,172,174,174,176,185,193,203,214,220,228,230,230,228,228,226,226,226,228,228,230,230,228,228,226,226,224,224,224,224,222,220,218,216,214,209,207,203,199,191,185,180,176,170,166,162,160,158,155,151,147,139,133,133,133,139,147,151,158,162,166,166,166,164,164,162,162,162,164,168,174,182,191,195,201,203,207,205,203,199,197,195,191,191,193,195,197,203,211,218,226,228,232,232,232,228,226,222,218,211,205,201,199,191,185,180,178,166,153,141,0,0,0,0,0,0,0,0,0,0,0,0,0
0,0,0,0,0,160,185,209,214,220,224,226,220,211,203,195,191,189,191,193,199,205,207,209,207,205,199,193,187,182,185,187,195,203,209,216,214,211,207,205,201,197,193,191,189,189,185,180,172,164,153,143,149,155,166,176,185,193,199,205,203,203,199,195,189,185,172,160,137,0,0,118,126,137,135,133,126,120,122,122,122,122,0,0,0,0,0,0,0,0,0,0,0,0,0,0,162,164,168,172,158,143,120,0,0,114,139,162,168,176,172,170,166,162,151,143,135,126,120,0,0,118,137,155,0,0,0,0,0,0,0,0,0,0,0,0,0,0,0,0,0,0,0,0,0,0,0,0,0,0,0,122,143,164,174,185,191,195,197,197,197,197,195,195,195,195,195,195,197,199,201,203,205,207,207,209,211,214,216,216,216,218,218,218,218,218,218,218,216,214,211,211,209,209,209,211,211,211,211,209,211,211,211,211,209,209,211,214,211,209,209,207,207,207,207,209,207,205,201,197,197,195,201,207,211,216,209,203,193,182,178,174,172,170,170,170,170,170,170,170,170,170,170,170,170,170,170,170,172,174,178,182,191,201,209,220,222,226,226,224,222,222,220,220,222,224,224,224,222,222,220,218,218,216,214,214,214,211,211,209,209,207,205,203,201,199,193,187,182,178,172,168,164,162,158,153,151,149,141,135,131,129,135,141,147,153,155,160,160,162,162,162,162,160,162,164,170,174,182,191,197,201,203,205,203,199,197,193,189,185,182,182,182,185,191,195,201,209,214,218,220,222,224,224,222,220,214,209,205,203,195,187,182,180,168,155,141,0,0,0,0,0,0,0,0,0,0,0,0,0
0,0,0,0,0,151,178,207,214,222,224,226,220,214,203,195,189,185,187,187,193,201,203,207,203,201,191,182,176,168,172,174,187,199,205,214,214,214,211,209,207,205,203,203,201,199,195,191,182,176,162,147,147,149,160,170,178,187,191,195,195,195,193,191,187,182,168,155,131,0,0,0,0,129,129,131,124,120,122,126,122,0,0,0,0,0,0,0,0,0,0,0,0,0,0,160,164,168,168,168,149,131,0,0,0,124,147,168,172,176,174,172,166,160,143,129,118,0,0,0,116,126,149,170,168,0,0,0,0,0,0,0,0,0,0,0,0,0,0,0,0,0,0,0,0,0,0,0,0,0,0,141,162,185,189,195,195,195,197,199,197,197,197,195,195,195,195,195,197,201,203,205,205,207,209,211,214,216,216,216,216,218,218,218,218,218,218,218,216,216,214,211,209,209,209,209,209,211,209,209,207,207,205,203,205,205,207,209,207,207,205,205,205,205,207,209,205,201,197,193,193,193,199,207,209,214,205,197,187,176,172,170,168,168,168,168,168,170,170,172,170,170,170,172,170,168,168,168,170,174,180,189,199,211,218,226,224,224,222,218,216,216,216,216,218,220,218,218,216,214,211,211,209,207,205,203,203,203,203,203,203,203,201,199,199,199,193,189,185,180,174,170,166,162,158,153,151,151,143,137,131,126,131,135,141,147,151,155,155,158,160,162,160,160,162,166,170,176,182,191,197,203,203,205,201,197,193,189,182,176,174,172,172,172,176,180,187,193,197,203,209,214,218,222,222,222,218,214,209,207,199,191,187,182,170,160,139,0,0,0,0,0,0,0,0,0,0,0,0,0
0,0,0,0,0,141,172,201,211,222,222,224,220,214,205,197,191,187,185,185,191,197,201,205,199,195,182,170,160,151,160,168,182,197,203,211,211,211,209,209,207,207,207,207,205,203,199,195,189,185,172,160,155,151,155,162,170,180,185,191,191,191,189,189,182,176,162,147,124,0,0,0,0,126,129,129,126,122,126,133,124,0,0,0,0,0,0,0,0,0,0,0,0,0,162,162,166,168,162,155,135,116,0,0,114,135,153,172,174,178,172,168,155,145,129,112,0,0,114,118,129,139,155,174,172,0,0,0,0,0,0,0,0,0,0,0,0,0,0,0,0,0,0,0,0,0,0,0,0,0,126,151,170,189,191,193,195,197,197,197,197,195,195,195,195,195,195,195,199,201,203,205,207,207,209,211,211,214,214,216,216,216,216,218,218,218,218,218,216,214,214,211,211,209,207,207,207,207,207,205,203,201,201,199,201,203,205,205,205,203,203,203,201,201,203,205,201,197,193,187,189,191,197,203,205,207,199,189,180,172,170,170,168,166,166,166,166,168,168,170,170,170,170,170,168,166,168,170,176,182,191,199,207,218,220,222,218,216,211,207,205,203,205,205,205,207,207,207,205,203,201,199,197,195,195,193,193,193,193,195,195,195,195,195,195,197,193,189,187,182,176,172,168,164,160,155,153,151,145,139,131,122,124,124,131,135,141,145,149,153,155,160,162,162,164,168,172,176,182,191,195,201,203,205,201,197,193,187,180,174,170,168,168,168,170,172,176,180,185,189,193,197,201,205,209,214,214,214,211,211,203,195,189,185,174,164,143,0,0,0,0,0,0,0,0,0,0,0,0,0
0,0,0,0,0,0,164,197,209,222,222,224,220,216,207,199,193,187,185,182,189,195,199,203,197,191,172,155,145,137,147,160,178,197,203,209,209,209,209,207,207,209,209,211,209,207,203,199,195,191,180,172,162,153,153,153,162,172,178,187,187,187,187,185,176,170,153,137,0,0,0,0,0,126,126,129,126,126,133,139,126,0,0,0,0,0,0,0,0,0,0,0,0,160,162,166,168,170,155,143,122,0,0,0,118,145,160,176,178,180,172,164,147,131,112,0,0,0,118,131,141,151,164,176,176,0,0,0,0,0,0,0,0,0,0,0,0,0,0,0,0,0,0,0,0,0,0,0,0,0,137,164,178,193,193,193,195,197,197,197,195,195,195,195,195,195,195,197,199,201,205,207,207,209,209,211,211,214,214,216,216,216,216,218,218,218,218,218,216,214,214,214,211,209,207,205,205,205,203,203,199,195,195,195,199,201,201,201,201,201,201,201,199,199,201,203,197,193,187,182,185,189,195,201,201,203,193,182,174,168,168,168,168,166,166,164,164,166,166,168,168,168,168,168,166,166,170,174,182,193,201,211,218,224,220,218,211,205,201,197,195,193,195,195,195,195,195,195,193,193,191,189,187,185,185,182,185,185,185,187,187,187,189,191,193,195,193,191,189,187,180,174,168,164,162,158,155,153,147,139,129,0,0,0,0,124,131,137,143,149,153,160,162,166,168,170,174,178,185,189,195,201,203,205,201,199,191,185,178,170,166,164,164,164,164,164,166,168,170,174,176,180,185,191,199,205,209,214,214,216,207,201,193,187,178,168,147,0,0,0,0,0,0,0,0,0,0,0,0,0
0,0,0,0,0,0,153,187,201,216,218,220,218,218,209,203,197,189,187,182,185,187,189,189,180,172,155,139,137,135,151,168,185,201,203,207,205,203,201,201,203,205,207,209,209,209,205,201,197,193,185,176,168,162,155,151,158,162,166,172,174,176,174,172,164,155,141,126,0,0,0,0,0,126,126,129,131,133,137,143,126,0,0,0,0,0,0,0,0,0,0,0,160,162,166,170,166,162,149,137,122,0,0,0,126,151,164,178,178,178,166,155,137,118,0,0,114,126,139,149,155,162,170,178,172,0,0,0,0,0,0,0,0,0,0,0,0,0,0,0,0,0,0,0,0,0,0,0,0,118,143,168,180,191,193,193,195,197,197,195,195,193,193,193,193,193,195,197,199,201,205,207,209,209,211,214,214,214,214,214,214,214,216,216,216,216,216,216,214,214,214,211,211,209,207,205,205,205,203,199,195,191,193,193,197,201,199,199,197,197,197,197,197,199,201,203,197,193,187,180,182,185,191,197,197,199,189,178,172,166,166,166,164,164,164,164,162,162,164,164,166,166,168,168,170,174,180,187,195,203,209,216,216,216,209,205,199,193,189,185,182,180,182,182,182,185,185,185,185,185,185,185,182,180,180,180,180,180,180,182,182,182,185,187,189,193,191,189,187,185,180,174,170,166,162,160,155,153,147,139,129,0,0,0,0,0,124,135,141,149,153,160,164,166,168,170,174,178,182,189,193,199,201,203,201,201,193,187,178,172,166,162,162,160,160,160,160,160,162,164,166,168,174,178,187,193,199,205,207,211,207,203,195,187,178,172,151,0,0,0,0,0,0,0,0,0,0,0,0,0
0,0,0,0,0,0,145,178,195,211,216,218,218,220,214,209,199,191,187,185,182,180,178,176,166,155,139,124,129,135,155,178,191,205,205,203,199,195,195,195,197,201,205,209,211,214,209,205,199,193,189,182,176,170,160,151,151,151,155,158,162,166,162,160,149,141,129,0,0,0,0,0,0,129,129,129,133,139,143,147,0,0,0,0,0,0,0,0,0,0,0,164,164,166,170,174,164,155,143,133,124,114,114,116,137,158,168,180,178,178,162,147,126,0,0,0,126,145,158,170,172,174,176,178,170,0,0,0,0,0,0,0,0,0,0,0,0,0,0,0,0,0,0,0,0,0,0,0,0,126,149,174,182,191,193,195,195,197,195,195,193,193,193,193,193,193,195,197,199,203,205,207,209,211,214,216,214,214,214,214,214,214,214,216,216,216,214,214,214,214,211,211,211,211,209,207,207,205,201,197,193,187,189,193,195,199,197,197,195,193,195,195,197,199,201,203,197,193,185,178,180,182,189,195,193,193,185,174,170,164,164,162,162,162,162,162,162,160,160,162,162,164,168,170,176,182,191,201,207,216,218,220,214,209,201,193,187,180,176,174,172,170,170,172,172,174,174,174,174,176,178,180,178,176,176,178,176,176,176,178,178,180,180,182,187,189,189,189,187,185,180,176,172,168,164,160,155,153,147,141,126,0,0,0,0,0,0,133,141,149,155,162,166,168,170,172,174,176,182,187,193,199,201,203,203,203,195,189,180,172,166,162,160,158,155,155,153,153,153,153,155,158,162,166,174,182,191,199,203,207,205,205,195,187,180,174,155,137,0,0,0,0,0,0,0,0,0,0,0,0
0,0,0,0,0,0,0,162,182,201,207,216,218,218,216,211,203,195,189,185,178,174,166,158,149,141,133,126,139,151,170,187,197,205,203,199,193,187,185,185,189,193,197,203,207,209,209,207,201,197,191,187,182,178,172,166,162,158,153,151,151,151,147,145,137,129,120,0,0,0,0,0,0,0,126,126,133,139,0,0,0,0,0,0,0,0,0,0,0,0,147,168,168,168,168,168,153,141,139,137,135,133,129,124,141,158,168,180,176,174,164,151,139,129,131,133,145,158,166,174,174,176,174,174,164,151,0,0,0,0,0,0,0,0,0,0,0,0,0,0,0,0,0,0,0,0,0,0,0,129,151,176,185,191,193,195,193,193,191,191,189,187,187,187,189,191,193,197,199,203,205,207,207,209,211,214,211,211,214,214,214,214,214,214,216,216,214,211,211,211,209,209,209,209,207,207,207,207,203,199,193,187,189,189,191,193,193,191,189,189,191,193,197,203,203,205,199,191,182,174,174,176,185,193,193,191,182,174,170,166,164,164,164,164,166,170,168,168,168,170,172,176,180,185,189,195,199,205,207,211,207,205,199,193,185,178,174,170,168,166,166,164,166,166,168,168,168,168,168,170,172,174,174,172,172,174,174,174,174,176,176,176,178,178,182,185,185,187,182,180,178,174,170,168,164,160,155,151,143,137,124,0,0,0,0,0,0,133,141,149,155,162,164,168,170,170,172,174,178,185,191,195,197,201,201,201,195,191,182,174,168,164,160,158,155,153,151,151,151,151,153,155,160,164,170,176,182,189,193,197,197,199,191,182,178,174,155,137,0,0,0,0,0,0,0,0,0,0,0,0
0,0,0,0,0,0,0,145,168,191,201,214,216,218,216,214,205,199,191,185,176,168,153,141,135,129,129,129,147,168,182,197,201,205,201,195,187,178,176,174,178,185,191,199,203,207,209,211,205,199,195,193,191,189,182,178,170,162,153,145,141,137,133,129,122,0,0,0,0,0,0,0,0,0,0,0,0,0,0,0,0,0,0,0,0,0,0,0,0,141,155,172,172,172,168,164,145,126,135,143,145,149,141,133,145,158,168,178,174,172,164,158,153,149,153,160,164,170,174,178,178,178,174,170,155,143,129,0,0,0,0,0,0,0,0,0,0,0,0,0,0,0,0,0,0,0,0,0,0,131,155,180,187,193,195,195,193,191,189,187,185,182,182,182,187,189,193,195,199,203,205,207,207,209,209,211,211,211,211,214,214,214,214,214,216,216,214,211,209,209,209,209,207,207,207,205,207,207,205,201,195,187,187,187,187,187,187,187,185,182,187,193,199,207,207,207,199,191,180,170,170,172,182,193,191,191,182,174,170,168,166,166,166,168,172,176,176,174,176,178,182,189,193,199,203,207,207,209,207,205,199,193,185,176,170,166,162,160,160,160,160,160,160,162,162,164,162,162,164,166,166,168,168,170,170,170,170,170,172,174,174,174,174,176,178,180,182,182,180,178,176,174,170,168,164,160,153,149,141,133,0,0,0,0,0,0,0,135,143,151,155,162,164,168,170,170,172,172,176,182,187,193,195,197,199,199,195,193,185,176,170,166,162,160,155,153,151,149,149,149,149,151,155,160,164,170,174,178,185,189,191,193,187,180,178,176,158,139,0,0,0,0,0,0,0,0,0,0,0,0
0,0,0,0,0,0,0,0,153,178,193,205,209,214,211,209,205,201,195,191,180,170,155,141,135,131,137,143,160,176,187,199,201,203,197,191,180,170,164,160,168,176,187,195,199,201,203,207,203,199,197,195,193,191,187,182,176,170,160,149,141,135,131,126,122,120,0,0,0,0,0,0,0,0,0,0,0,0,0,0,0,0,0,0,0,0,0,0,0,149,160,170,170,172,170,166,151,137,143,151,147,143,135,129,143,160,168,178,174,172,170,168,164,162,160,158,160,162,166,172,174,176,172,168,153,139,122,0,0,0,0,0,0,0,0,0,0,0,0,0,0,0,0,0,0,0,0,0,0,126,151,178,185,191,191,191,189,187,185,182,180,178,178,178,182,185,189,191,195,201,203,205,205,207,209,209,209,209,211,214,214,211,211,214,214,216,211,209,207,207,207,207,205,205,203,203,205,209,205,201,193,185,182,180,180,180,180,180,178,178,182,187,195,203,203,205,199,193,182,174,172,170,180,191,189,187,178,172,172,172,172,172,174,174,176,178,176,174,174,174,178,182,187,189,191,193,193,193,191,189,182,178,174,168,166,164,162,160,160,158,158,155,158,158,160,162,162,162,162,162,164,164,166,168,166,166,166,168,168,170,170,172,172,172,172,174,174,176,174,174,172,172,170,168,164,160,155,151,141,133,0,0,0,0,0,0,0,137,143,151,155,160,164,166,168,168,170,170,174,178,182,187,189,193,193,193,191,189,180,174,170,166,164,160,158,153,151,149,151,151,151,153,158,160,164,166,170,174,178,182,185,187,182,178,176,172,151,0,0,0,0,0,0,0,0,0,0,0,0,0
0,0,0,0,0,0,0,0,139,166,182,199,203,209,207,205,205,205,199,195,185,172,155,141,137,135,147,160,172,187,193,201,201,203,193,185,172,160,153,145,158,168,180,193,195,197,199,203,201,199,199,199,195,193,189,187,182,176,166,153,143,133,129,124,124,124,0,0,0,0,0,0,0,0,0,0,0,0,0,0,0,0,0,0,0,0,0,0,0,155,162,168,170,174,172,170,158,147,153,162,149,137,131,124,143,162,170,176,174,172,174,178,176,174,164,155,153,153,160,166,170,176,172,168,151,137,118,0,0,0,0,0,0,0,0,0,0,0,0,0,0,0,0,0,0,0,0,0,0,124,149,176,182,189,187,187,185,182,180,178,176,174,174,176,178,182,185,187,193,199,201,203,205,207,207,209,209,209,211,214,211,211,211,211,214,214,211,209,207,205,205,205,203,201,201,201,205,209,205,199,191,180,178,174,174,174,174,174,174,174,178,182,191,199,201,203,199,193,185,176,172,170,178,189,185,182,176,170,172,176,178,180,180,182,180,178,176,174,172,172,174,178,178,180,180,180,178,178,174,170,168,166,164,162,162,162,162,162,160,158,155,153,153,155,158,160,160,162,162,160,160,162,164,166,164,164,164,164,166,168,168,168,168,168,168,168,168,170,170,170,170,170,170,170,166,162,158,151,141,133,129,0,0,0,0,0,131,137,143,149,153,160,162,164,166,166,168,170,172,176,178,182,185,187,187,189,187,185,178,174,170,168,164,162,158,155,153,151,151,153,155,155,158,162,162,164,168,170,174,178,178,180,178,178,174,170,147,0,0,0,0,0,0,0,0,0,0,0,0,0
0,0,0,0,0,0,0,0,0,145,162,178,187,197,197,199,201,201,199,197,187,176,162,145,141,139,153,168,178,191,195,201,201,203,193,185,172,160,149,141,153,166,178,191,193,195,197,197,197,197,197,197,193,189,187,182,176,170,160,151,141,131,126,124,124,0,0,0,0,0,0,0,0,0,0,0,0,0,0,0,0,0,0,0,0,0,0,0,133,158,162,168,170,174,174,172,166,158,160,160,143,126,122,120,141,164,172,180,178,178,176,174,166,158,151,145,151,160,164,170,170,170,166,162,147,133,118,0,0,0,0,0,0,0,0,0,0,0,0,0,0,0,0,0,0,0,0,0,0,118,143,168,176,185,185,185,180,178,176,174,174,174,174,176,178,180,182,187,191,197,199,201,203,205,207,207,209,209,209,211,211,209,211,211,211,211,209,207,205,203,201,201,197,195,195,193,197,203,197,193,182,174,172,170,168,168,168,168,168,168,170,172,178,185,189,191,189,187,180,176,172,170,178,187,185,182,178,176,178,180,180,180,178,178,174,172,170,168,166,166,166,168,168,170,170,170,170,168,166,164,162,162,162,160,160,160,155,153,147,141,137,133,135,137,139,143,147,151,153,155,158,158,160,160,160,162,162,162,164,166,166,166,166,166,166,166,166,168,168,168,168,170,170,170,168,166,160,155,145,137,133,131,0,0,0,0,133,137,141,145,151,155,158,162,162,164,164,166,170,174,176,178,180,185,185,187,185,182,178,172,168,164,160,158,153,149,145,143,147,149,151,153,155,160,160,162,164,166,168,172,174,176,176,176,168,160,137,0,0,0,0,0,0,0,0,0,0,0,0,0
0,0,0,0,0,0,0,0,0,0,141,160,172,185,189,193,195,199,199,201,191,182,166,151,147,143,160,178,187,195,199,203,203,203,195,187,172,158,147,137,149,162,176,189,191,193,193,193,193,195,195,197,191,187,182,178,172,166,155,147,139,131,126,124,0,0,0,0,0,0,0,0,0,0,0,0,0,0,0,0,0,0,0,0,0,0,0,0,137,158,164,168,172,174,174,174,172,170,164,160,137,116,116,118,141,166,174,185,185,185,176,170,153,139,137,137,149,164,168,174,168,164,160,155,143,131,0,0,0,0,0,0,0,0,0,0,0,0,0,0,0,0,0,0,0,0,0,0,0,0,137,162,172,182,182,182,178,176,174,172,172,174,174,176,178,180,182,185,191,197,199,201,201,203,205,207,209,211,209,209,209,209,209,211,211,211,207,205,203,201,199,197,193,189,187,187,191,195,191,185,176,168,166,164,164,164,164,164,162,162,162,162,166,172,176,180,180,182,178,174,172,172,178,187,185,182,182,182,182,185,182,180,176,174,170,166,164,164,162,160,158,158,158,160,160,160,160,160,158,158,158,160,160,160,158,158,151,145,135,0,0,0,0,0,0,0,135,143,147,151,153,155,155,155,158,158,160,160,162,164,164,164,162,162,162,164,164,164,166,168,168,168,170,172,170,168,164,158,149,141,139,137,137,135,135,0,135,135,139,143,147,151,155,158,160,160,162,164,168,172,174,176,178,180,182,185,182,182,176,172,166,160,155,153,147,143,139,137,141,145,147,149,153,158,158,160,160,162,164,168,170,174,174,176,164,151,0,0,0,0,0,0,0,0,0,0,0,0,0,0
0,0,0,0,0,0,0,0,0,0,0,137,149,164,172,182,187,191,193,195,187,180,168,153,149,143,162,182,189,197,199,201,199,199,193,189,176,166,153,143,153,166,176,189,189,191,191,191,191,191,191,191,185,178,172,166,158,149,141,133,124,0,0,0,0,0,0,0,0,0,0,0,0,0,0,0,0,0,0,0,0,0,0,0,0,0,0,0,141,158,164,170,172,176,174,172,170,170,162,153,131,0,0,116,141,164,176,187,185,182,170,158,145,133,139,147,162,174,174,172,162,153,145,139,129,120,0,0,0,0,0,0,0,0,0,0,0,0,0,0,0,0,0,0,0,0,0,0,0,0,124,149,162,176,178,180,176,174,170,166,166,166,166,168,170,174,178,180,185,189,193,195,197,199,201,203,205,207,207,207,207,207,207,209,207,207,203,199,193,187,185,182,176,170,166,162,164,166,164,160,153,147,145,141,139,137,135,135,133,133,133,133,137,141,143,147,149,151,149,147,147,149,162,174,176,178,178,178,176,176,168,162,155,149,149,147,149,151,151,149,151,153,153,155,155,158,158,158,155,155,153,153,149,147,141,137,129,0,0,0,0,0,0,0,0,0,0,0,0,139,143,147,149,151,151,151,153,155,158,160,160,160,160,160,160,160,162,162,164,164,164,164,166,166,164,162,158,153,147,139,137,135,133,0,0,0,0,0,0,0,135,141,143,147,147,147,149,151,155,162,164,168,170,174,174,174,172,170,166,160,153,149,145,141,135,0,0,0,0,131,135,137,141,145,147,149,149,151,155,158,162,164,164,162,147,0,0,0,0,0,0,0,0,0,0,0,0,0,0,0
0,0,0,0,0,0,0,0,0,0,0,0,0,145,158,172,178,185,187,189,185,180,168,155,149,145,164,185,191,199,199,199,197,195,193,191,180,172,162,149,160,170,178,189,189,189,189,189,187,187,187,185,178,172,164,155,145,135,126,0,0,0,0,0,0,0,0,0,0,0,0,0,0,0,0,0,0,0,0,0,0,0,0,0,0,0,0,0,143,158,164,170,174,178,174,170,170,170,160,149,126,0,0,116,139,164,176,191,187,182,164,145,135,124,141,160,172,185,178,172,158,143,133,122,116,0,0,0,0,0,0,0,0,0,0,0,0,0,0,0,0,0,0,0,0,0,0,0,0,0,114,137,153,172,174,178,174,172,166,162,160,158,158,160,164,170,174,178,180,182,187,189,191,195,195,197,201,203,203,203,203,205,205,207,205,203,197,191,182,174,170,166,160,153,145,139,137,137,137,135,131,126,122,0,0,0,0,0,0,0,0,0,0,0,0,0,0,0,0,0,122,126,143,162,168,176,176,174,170,166,153,143,135,126,129,131,135,139,139,141,145,147,149,151,153,155,155,155,153,153,149,147,141,135,0,0,0,0,0,0,0,0,0,0,0,0,0,0,0,0,133,141,143,145,145,147,147,149,153,155,155,155,155,155,158,158,160,162,162,162,160,160,160,160,158,155,151,149,143,139,137,133,0,0,0,0,0,0,0,0,0,0,0,0,0,0,137,139,145,149,155,162,164,166,164,164,162,160,153,149,143,137,0,0,0,0,0,0,0,0,0,0,0,133,135,139,141,143,147,149,153,155,151,149,0,0,0,0,0,0,0,0,0,0,0,0,0,0,0,0
0,0,0,0,0,0,0,0,0,0,0,0,0,0,141,155,166,174,176,178,174,172,162,151,143,137,155,176,185,195,195,197,195,193,193,191,185,176,164,151,158,164,174,187,187,187,185,185,182,180,176,170,164,155,147,139,131,0,0,0,0,0,0,0,0,0,0,0,0,0,0,0,0,0,0,0,0,0,0,0,0,0,0,0,0,0,0,0,0,158,164,170,176,182,174,168,170,170,162,155,131,0,0,0,137,160,174,189,182,174,155,135,133,131,147,164,172,180,176,170,158,145,131,116,0,0,0,0,0,0,0,0,0,0,0,0,0,0,0,0,0,0,0,0,0,0,0,0,0,0,0,126,145,164,170,176,172,170,162,153,147,141,141,141,147,151,155,162,164,168,172,176,178,180,182,182,187,191,193,195,195,195,195,195,195,193,187,180,170,162,155,149,139,131,0,0,0,0,0,0,0,0,0,0,0,0,0,0,0,0,0,0,0,0,0,0,0,0,0,0,0,0,0,137,149,162,158,151,143,135,124,0,0,0,0,0,0,0,0,0,0,124,126,131,131,133,133,133,131,129,0,0,0,0,0,0,0,0,0,0,0,0,0,0,0,0,0,0,0,0,137,145,145,147,145,145,145,145,147,149,149,149,149,149,149,149,151,151,151,151,151,151,151,153,151,149,147,147,143,139,137,0,0,0,0,0,0,0,0,0,0,0,0,0,0,0,0,0,0,0,0,0,0,0,0,0,0,0,0,0,0,0,0,0,0,0,0,0,0,0,0,0,0,0,0,0,0,0,0,0,0,0,0,0,0,0,0,0,0,0,0,0,0,0,0,0,0,0,0,0
0,0,0,0,0,0,0,0,0,0,0,0,0,0,0,141,153,166,166,168,166,166,155,147,139,129,147,166,180,193,193,195,193,193,193,193,187,182,166,151,153,158,170,182,182,185,182,182,178,174,166,158,149,141,131,0,0,0,0,0,0,0,0,0,0,0,0,0,0,0,0,0,0,0,0,0,0,0,0,0,0,0,0,0,0,0,0,0,0,160,164,170,176,185,176,168,170,170,166,160,135,0,0,0,133,158,172,187,178,168,147,126,133,137,153,170,172,176,172,170,158,147,129,0,0,0,0,0,0,0,0,0,0,0,0,0,0,0,0,0,0,0,0,0,0,0,0,0,0,0,0,116,137,155,164,174,170,168,155,145,135,126,124,122,129,135,139,145,149,153,158,164,166,168,168,170,174,178,182,185,187,187,185,185,182,182,176,170,160,149,141,133,120,0,0,0,0,0,0,0,0,0,0,0,0,0,0,0,0,0,0,0,0,0,0,0,0,0,0,0,0,0,0,0,131,149,139,129,0,0,0,0,0,0,0,0,0,0,0,0,0,0,0,0,0,0,0,0,0,0,0,0,0,0,0,0,0,0,0,0,0,0,0,0,0,0,0,0,0,133,139,147,147,147,147,145,143,141,143,145,143,141,141,143,143,143,143,143,141,141,143,145,145,145,145,145,145,145,143,0,0,0,0,0,0,0,0,0,0,0,0,0,0,0,0,0,0,0,0,0,0,0,0,0,0,0,0,0,0,0,0,0,0,0,0,0,0,0,0,0,0,0,0,0,0,0,0,0,0,0,0,0,0,0,0,0,0,0,0,0,0,0,0,0,0,0,0,0,0,0
0,0,0,0,0,0,0,0,0,0,0,0,0,0,0,133,143,155,155,155,155,155,147,139,129,0,133,147,164,178,185,189,189,189,191,191,185,178,160,141,139,135,151,166,170,172,170,166,160,153,147,141,135,129,0,0,0,0,0,0,0,0,0,0,0,0,0,0,0,0,0,0,0,0,0,0,0,0,0,0,0,0,0,0,0,0,0,0,0,162,166,170,178,185,176,168,168,170,168,166,141,116,0,0,131,155,170,185,174,166,145,124,131,137,153,172,174,176,172,170,158,147,129,0,0,0,0,0,0,0,0,0,0,0,0,0,0,0,0,0,0,0,0,0,0,0,0,0,0,0,0,120,141,160,168,176,174,170,160,151,143,135,133,131,135,139,145,151,155,160,162,166,168,170,172,172,176,178,180,185,185,187,185,185,182,182,176,172,162,153,145,137,124,0,0,0,0,0,0,0,0,0,0,0,0,0,0,0,0,0,0,0,0,0,0,0,0,0,0,0,0,0,0,0,126,143,133,0,0,0,0,0,0,0,0,0,0,0,0,0,0,0,0,0,0,0,0,0,0,0,0,0,0,0,0,0,0,0,0,0,0,0,0,0,0,0,0,0,135,145,149,153,153,153,151,151,149,147,147,149,145,143,143,143,143,143,141,139,139,137,137,139,139,139,139,141,143,143,143,141,141,139,137,135,135,0,0,0,0,0,0,0,0,0,0,0,0,0,0,0,0,0,0,0,0,0,0,0,0,0,0,0,0,0,0,0,0,0,0,0,0,0,0,0,0,0,0,0,0,0,0,0,0,0,0,0,0,0,0,0,0,0,0,0,0,0,0,0,0,0
0,0,0,0,0,0,0,0,0,0,0,0,0,0,0,0,135,145,145,145,145,145,139,133,0,0,0,131,147,166,174,182,185,187,187,189,180,174,153,131,122,0,131,149,155,162,155,149,143,135,131,126,0,0,0,0,0,0,0,0,0,0,0,0,0,0,0,0,0,0,0,0,0,0,0,0,0,0,0,0,0,0,0,0,0,0,0,0,0,0,166,170,178,187,176,166,168,170,170,172,147,124,114,0,129,153,168,182,172,164,141,120,129,135,153,174,174,176,174,170,158,147,0,0,0,0,0,0,0,0,0,0,0,0,0,0,0,0,0,0,0,0,0,0,0,0,0,0,0,0,0,126,145,164,172,180,176,174,166,158,149,143,141,139,143,145,151,158,162,166,168,170,170,172,174,176,178,180,180,182,185,187,185,185,182,182,178,174,166,160,149,141,129,118,0,0,0,0,0,0,0,0,0,0,0,0,0,0,0,0,0,0,0,0,0,0,0,0,0,0,0,0,0,0,122,139,126,0,0,0,0,0,0,0,0,0,0,0,0,0,0,0,0,0,0,0,0,0,0,0,0,0,0,0,0,0,0,0,0,0,0,0,0,0,0,133,139,147,153,158,160,160,160,160,158,155,155,153,153,153,149,147,145,143,143,143,139,137,135,133,133,133,133,133,135,137,139,143,143,143,145,147,147,149,149,149,147,143,137,0,0,0,0,0,0,0,0,0,0,0,0,0,0,0,0,0,0,0,0,0,0,0,0,0,0,0,0,0,0,0,0,0,0,0,0,0,0,0,0,0,0,0,0,0,0,0,0,0,0,0,0,0,0,0,0,0,0,0,0,0
0,0,0,0,0,0,0,0,0,0,0,0,0,0,0,0,137,149,147,147,143,141,137,131,0,0,0,0,131,141,149,160,164,168,168,170,162,155,137,0,0,0,0,131,135,141,139,139,139,139,139,141,139,137,135,133,131,131,131,131,126,124,0,0,0,0,0,0,0,0,0,0,0,0,0,0,0,0,0,0,0,0,0,0,0,0,0,0,0,0,168,170,178,185,176,166,168,170,172,174,149,126,116,0,133,158,170,185,174,164,143,122,129,135,155,176,178,180,176,172,160,147,0,0,0,0,0,0,0,0,0,0,0,0,0,0,0,0,0,0,0,0,0,0,0,0,0,0,0,0,114,137,155,174,178,182,180,176,172,166,162,158,158,158,160,162,168,172,176,180,180,182,182,185,187,189,189,191,193,193,195,195,193,193,193,191,189,185,178,172,164,158,147,139,129,118,0,0,0,0,0,0,0,0,0,0,0,0,0,0,0,0,0,0,0,0,0,0,0,0,0,0,0,124,139,153,147,141,133,126,0,0,0,0,0,0,0,122,124,126,126,124,0,0,0,0,0,0,0,0,0,0,0,0,0,0,0,0,0,0,0,129,133,135,139,143,149,153,158,160,162,162,162,160,160,158,158,158,158,155,153,151,151,151,149,149,147,145,143,143,141,139,137,137,139,139,143,145,145,147,149,151,151,153,153,155,153,153,149,147,139,0,0,0,0,0,0,0,0,0,0,139,139,139,0,0,0,0,0,0,0,0,0,0,0,0,0,0,0,0,0,0,0,0,0,0,0,0,0,0,0,0,0,0,0,0,0,0,0,0,0,0,0,0,0,0,0,0,0,0
0,0,0,0,0,0,0,0,0,0,0,0,0,0,0,0,139,151,149,149,143,139,133,129,0,0,0,0,0,0,126,137,143,149,149,151,145,139,122,0,0,0,0,0,0,0,124,129,137,145,149,155,155,158,158,155,153,153,151,149,143,137,133,126,126,126,126,129,126,0,0,0,0,0,0,0,0,0,0,0,0,0,0,0,0,0,0,0,0,166,168,170,176,185,176,166,168,172,174,176,153,131,120,0,137,164,174,187,176,166,145,122,129,133,155,178,180,182,178,172,162,149,0,0,0,0,0,0,0,0,0,0,0,0,0,0,0,0,0,0,0,0,0,0,0,0,0,0,0,0,122,149,166,182,185,185,182,180,178,176,174,174,174,174,176,178,182,189,191,193,195,195,197,197,199,201,201,203,203,205,203,203,203,203,201,201,197,195,191,185,178,174,166,160,151,143,143,143,141,141,135,131,124,0,0,0,0,0,0,0,0,0,0,0,0,0,0,0,0,0,0,0,131,143,155,168,168,168,164,162,149,139,137,135,141,145,147,149,151,153,151,151,145,141,129,0,0,0,0,0,0,0,0,0,0,0,0,0,0,0,0,139,145,151,153,155,158,162,162,162,164,164,164,162,162,160,160,162,160,160,160,158,158,158,158,155,153,153,151,151,149,145,143,141,141,143,145,147,149,151,153,155,158,160,160,160,162,162,162,164,155,149,143,135,0,0,0,137,143,151,155,162,162,164,162,160,153,149,145,143,141,139,0,0,0,0,0,0,0,0,0,0,0,0,0,0,0,0,0,0,0,0,0,0,0,0,0,0,0,0,0,0,0,0,0,0,0,0,0,0
0,0,0,0,0,0,0,0,0,0,0,0,0,0,0,0,145,162,158,153,147,141,137,135,129,0,0,0,0,0,0,0,126,131,131,133,129,124,0,0,0,0,0,0,0,126,137,147,155,166,170,174,174,174,174,172,170,170,166,164,158,151,145,139,139,137,135,133,131,129,126,0,0,0,0,0,0,0,0,0,0,0,0,0,0,0,0,0,164,170,170,170,176,185,174,164,168,172,174,176,151,129,120,0,141,168,178,191,178,168,145,124,129,133,155,180,180,182,178,174,164,155,133,0,0,0,0,0,0,0,0,0,0,0,0,0,0,0,0,0,0,0,0,0,0,0,0,0,0,0,129,158,172,185,187,187,185,185,180,178,176,174,174,174,176,176,182,187,191,195,197,199,199,201,203,203,205,205,207,207,207,207,205,205,205,205,203,201,197,193,189,187,180,174,166,160,162,164,164,164,158,153,147,141,141,139,137,135,133,133,131,131,131,133,135,137,139,143,143,143,143,145,151,158,166,174,172,172,172,172,166,160,155,153,153,153,153,151,151,151,151,149,147,145,139,135,126,0,0,0,0,0,0,0,0,0,0,0,0,131,139,147,151,155,155,158,160,162,164,166,166,168,168,168,166,166,164,164,162,160,160,158,158,158,158,155,153,153,153,153,151,149,147,145,145,145,147,149,153,155,158,160,162,162,164,164,164,164,164,164,160,153,149,143,141,139,143,147,151,158,160,164,166,166,166,166,162,158,158,155,155,153,151,147,145,143,135,0,0,0,0,0,0,0,0,0,0,0,0,0,0,0,0,0,0,0,0,0,0,0,0,0,0,0,0,0,0,0,0,0
0,0,0,0,0,0,0,0,0,0,0,0,0,0,0,131,151,172,166,160,153,145,143,139,137,0,0,0,0,0,0,0,0,0,0,0,0,0,0,0,0,0,0,0,122,133,147,164,176,187,191,195,193,193,191,189,187,187,182,178,172,166,160,153,149,147,143,139,137,133,131,129,0,0,0,0,0,0,0,0,0,0,0,0,0,0,0,0,164,172,170,170,176,185,172,162,166,172,174,176,151,126,120,114,143,174,185,195,180,168,147,126,131,133,158,182,182,182,180,176,168,162,137,0,0,0,0,0,0,0,0,0,0,0,0,0,0,0,0,0,0,0,0,0,0,0,0,0,0,0,135,166,176,189,189,189,189,187,185,180,178,176,174,174,176,176,180,187,191,195,199,203,203,205,205,207,209,209,209,211,209,209,209,209,209,209,207,205,203,203,201,199,193,189,182,178,182,187,187,189,182,176,170,164,164,164,162,162,160,160,158,158,160,162,164,168,170,172,172,174,172,170,172,174,176,178,178,178,180,185,180,178,176,172,168,164,160,155,153,151,151,149,149,151,149,149,145,141,133,126,124,124,126,131,129,129,131,133,141,149,153,158,160,162,160,160,162,164,166,168,170,174,172,172,172,172,170,168,164,162,160,158,158,160,158,155,153,153,153,155,153,153,151,151,149,149,151,153,155,160,162,164,166,166,168,170,168,166,166,166,162,160,155,151,149,149,153,158,162,164,166,168,168,170,172,172,170,168,168,170,170,170,168,166,166,164,160,153,147,141,137,133,137,139,145,151,153,158,155,155,149,145,0,0,0,0,0,0,0,0,0,0,0,0,0,0,0,0,0,0
0,0,0,0,0,0,0,0,0,0,0,0,0,0,0,143,158,170,162,153,149,143,141,139,137,0,0,0,0,0,0,0,0,0,0,0,0,0,0,0,0,0,0,122,137,151,166,180,187,193,195,197,197,195,195,195,193,191,189,185,180,176,170,166,162,160,153,149,145,143,139,137,131,0,0,0,0,0,0,0,0,0,0,0,0,0,0,0,164,174,172,170,176,182,170,158,164,168,170,170,145,120,120,122,149,176,182,189,180,170,149,131,129,126,151,178,182,189,185,178,172,164,141,118,0,0,0,0,0,0,0,0,0,0,0,0,0,0,0,0,0,0,0,0,0,0,0,0,0,0,137,168,178,191,191,193,191,191,189,185,182,180,178,178,180,180,185,189,193,199,203,207,207,207,207,209,209,209,211,211,211,209,209,211,209,209,207,207,205,205,203,203,199,197,191,187,191,195,195,197,189,182,176,168,168,168,166,166,166,164,166,166,170,176,178,180,182,182,178,174,170,168,170,172,174,178,176,174,176,178,178,178,176,174,172,170,166,164,162,162,160,158,158,155,155,153,151,149,143,139,139,139,143,147,147,147,145,145,149,153,155,160,160,162,162,162,164,168,170,172,176,178,178,178,176,176,172,170,166,162,160,158,158,158,155,155,153,153,153,155,153,153,151,149,147,147,149,151,155,160,162,166,168,172,172,174,172,172,170,168,164,160,155,151,151,151,153,158,162,164,166,170,170,172,172,174,172,170,170,172,170,170,170,168,168,166,164,160,155,153,151,149,149,151,155,160,162,164,164,164,160,155,143,0,0,0,0,0,0,0,0,0,0,0,0,0,0,0,0,0
0,0,0,0,0,0,0,0,0,0,0,0,0,0,0,155,164,170,158,147,145,143,139,137,137,0,0,0,0,0,0,0,0,0,0,0,0,0,122,122,122,0,126,133,151,172,182,195,197,199,201,201,201,199,199,201,199,197,193,191,189,185,180,178,174,172,166,160,155,153,149,145,137,129,0,0,0,0,0,0,0,0,0,0,0,0,0,158,166,174,172,172,176,180,166,153,160,166,166,166,139,114,122,131,153,178,180,185,178,172,153,133,126,118,145,174,185,197,189,182,174,166,145,124,0,0,0,0,0,0,0,0,0,0,0,0,0,0,0,0,0,0,0,0,0,0,0,0,0,0,139,172,182,193,195,197,195,195,193,191,187,185,185,182,185,187,189,193,197,201,205,211,209,209,209,209,209,211,211,214,211,211,211,211,211,209,209,209,207,207,207,207,205,205,201,197,201,205,205,205,197,191,182,174,172,172,172,170,170,170,172,174,180,189,193,195,193,193,185,176,170,166,168,172,174,176,174,172,172,174,176,178,178,178,176,176,174,172,170,170,168,168,164,162,160,158,158,158,155,153,153,155,160,164,164,166,162,160,160,160,160,160,162,162,164,164,168,172,174,178,180,182,182,182,182,180,176,174,168,164,162,160,158,158,155,155,153,153,153,155,153,153,149,147,147,147,147,149,153,160,164,170,172,176,178,180,178,178,174,170,166,162,155,151,151,151,155,160,162,166,168,172,174,176,174,174,172,172,172,174,172,172,172,172,170,168,168,166,166,166,164,164,164,164,166,166,168,172,170,170,168,166,155,145,0,0,0,0,0,0,0,0,0,0,0,0,0,0,0,0
0,0,0,0,0,0,0,0,0,0,0,0,0,0,0,172,170,170,155,143,143,141,139,137,0,0,0,0,0,0,0,131,133,133,126,122,122,124,126,129,133,135,143,151,166,182,191,199,201,203,203,205,203,201,201,201,197,195,193,191,189,185,182,178,176,174,168,162,158,153,151,147,139,129,0,0,0,0,0,0,0,0,0,0,0,0,0,158,166,174,172,168,174,178,166,153,160,168,162,155,131,0,120,137,158,178,176,174,174,176,162,147,133,118,139,160,176,193,189,187,176,166,145,124,0,0,0,0,0,0,0,0,0,0,0,0,0,0,0,0,0,0,0,0,0,0,0,0,0,0,135,166,180,193,195,197,197,197,197,195,193,191,189,189,189,191,193,195,199,203,205,209,209,209,209,211,211,214,214,214,211,211,214,214,211,211,209,209,209,207,207,209,207,207,205,203,205,207,205,205,199,195,187,180,178,176,174,172,172,172,174,176,185,191,193,197,195,193,185,176,170,164,168,172,174,178,176,174,172,172,172,172,170,170,170,172,172,172,172,174,174,174,172,170,170,168,166,162,160,158,158,158,160,164,164,164,162,160,160,160,162,164,166,168,170,174,176,180,182,185,187,189,187,187,185,182,178,174,170,164,162,160,158,158,155,155,153,153,153,153,153,151,149,145,147,147,149,153,158,162,168,174,176,180,182,185,182,180,176,172,168,162,158,151,151,151,153,158,162,166,170,174,178,182,182,182,182,182,182,182,180,178,178,178,176,174,172,170,168,168,168,168,170,170,172,176,178,180,176,174,170,168,158,149,0,0,0,0,0,0,0,0,0,0,0,0,0,0,0,0
0,0,0,0,0,0,0,0,0,0,0,0,0,0,145,187,178,170,153,139,141,141,139,135,0,0,0,0,0,0,133,135,137,139,131,124,126,129,133,137,143,149,160,170,182,195,197,201,203,205,207,209,207,203,201,201,197,195,193,191,189,187,182,180,178,176,170,164,160,155,151,149,139,131,0,0,0,0,0,0,0,0,0,0,0,0,0,158,166,174,170,166,172,178,166,153,162,170,160,147,120,0,120,145,162,178,170,162,172,180,170,162,139,118,131,145,168,191,191,191,178,166,145,124,0,0,0,0,0,0,0,0,0,0,0,0,0,0,0,0,0,0,0,0,0,0,0,0,0,0,131,162,178,195,197,199,199,199,199,201,199,197,195,195,195,195,197,199,201,203,207,209,209,209,211,214,214,216,214,214,214,214,214,216,214,214,211,211,209,207,209,209,211,211,209,209,209,209,207,205,201,199,193,189,185,182,178,174,172,172,176,180,187,193,195,199,197,195,185,174,168,164,168,172,176,180,178,176,172,170,168,166,164,164,166,168,170,172,174,178,180,182,180,180,178,178,172,168,166,162,162,160,162,162,162,162,160,158,160,160,164,166,170,176,178,182,187,191,191,193,193,193,191,191,187,185,180,176,170,166,162,160,158,158,155,155,155,155,153,153,151,151,147,145,145,147,151,155,160,166,172,178,182,187,187,189,185,182,178,174,170,164,158,153,151,151,153,158,162,168,174,178,185,189,189,191,193,195,193,193,189,187,187,187,182,178,176,174,172,172,172,172,174,178,180,185,187,189,182,176,174,172,162,153,131,0,0,0,0,0,0,0,0,0,0,0,0,0,0,0
0,0,0,0,0,0,0,0,0,0,0,0,0,0,153,191,176,160,149,139,139,139,137,0,0,0,0,0,0,0,129,133,135,135,131,124,129,133,143,151,160,166,174,182,191,197,201,205,207,209,207,207,203,199,195,193,191,187,185,185,182,180,176,172,170,166,162,155,153,153,151,149,141,135,0,0,0,0,0,0,0,0,0,0,0,0,0,0,162,172,166,162,168,174,162,151,158,166,160,153,124,0,0,131,145,160,153,147,160,172,172,172,155,139,141,143,158,172,178,185,176,170,151,131,0,0,0,0,0,0,0,0,0,0,0,0,0,0,0,0,0,0,0,0,0,0,0,0,0,0,118,145,166,189,193,199,199,201,201,201,201,199,197,197,197,197,197,199,199,201,205,207,209,209,211,211,214,214,214,214,214,214,216,216,214,214,214,211,209,209,209,209,209,211,209,207,207,207,205,203,201,199,197,195,191,189,187,182,182,180,182,185,187,189,191,195,193,191,182,174,170,166,170,176,178,180,178,176,172,168,166,162,162,162,162,164,164,166,168,170,172,174,176,180,180,182,180,178,174,172,170,168,166,166,166,166,166,166,168,170,174,178,185,191,193,197,199,201,201,203,201,201,197,195,193,189,182,178,172,168,164,160,158,155,155,153,153,153,151,151,151,149,147,147,149,151,155,160,164,170,176,182,187,189,189,191,187,182,178,174,168,164,155,149,147,145,149,151,158,164,170,176,182,189,191,193,195,199,199,201,199,199,197,197,195,193,189,187,187,185,185,187,189,193,193,193,191,189,182,176,172,168,158,147,0,0,0,0,0,0,0,0,0,0,0,0,0,0,0,0
0,0,0,0,0,0,0,0,0,0,0,0,0,135,164,195,172,151,145,139,137,137,0,0,0,0,0,0,0,0,126,133,133,133,129,124,131,139,153,166,176,185,191,197,199,201,205,209,211,214,207,203,199,195,191,187,182,180,178,178,176,174,170,166,162,158,153,149,149,151,149,149,143,137,126,0,0,0,0,0,0,0,0,0,0,0,0,0,158,170,164,155,164,170,160,149,155,162,160,160,129,0,0,116,129,141,137,133,147,164,172,182,172,160,149,141,147,153,166,178,176,174,158,139,0,0,0,0,0,0,0,0,0,0,0,0,0,0,0,0,0,0,0,0,0,0,0,0,0,0,0,131,155,182,191,201,201,203,203,203,203,201,201,201,201,201,199,199,199,199,203,207,207,209,211,211,211,214,214,216,216,216,216,216,216,214,214,214,211,209,209,209,209,209,209,207,207,207,203,201,201,199,199,199,197,197,195,193,191,189,189,189,187,185,187,189,189,189,182,176,172,168,174,180,180,182,180,178,172,168,164,160,160,160,160,160,160,160,162,164,166,168,174,178,182,189,187,187,185,180,178,174,172,170,170,170,170,172,176,182,187,193,199,205,209,211,211,214,211,211,209,207,205,201,197,193,187,180,174,170,166,162,158,155,155,153,153,153,151,149,149,149,149,149,151,155,160,164,168,174,180,189,191,193,193,193,187,182,178,174,168,162,153,147,143,141,143,147,151,158,166,172,180,187,191,195,199,205,207,209,209,209,209,209,207,205,203,201,199,199,199,201,203,207,203,201,195,191,182,176,170,166,153,143,0,0,0,0,0,0,0,0,0,0,0,0,0,0,0,0
0,0,0,0,0,0,0,0,0,0,0,0,0,145,166,187,168,147,143,137,135,0,0,0,0,0,0,0,0,0,126,133,131,131,126,122,135,149,164,180,187,193,197,199,201,205,207,211,209,209,201,195,187,180,178,174,174,176,174,174,172,172,168,164,155,149,139,131,133,133,135,135,133,131,126,0,0,0,0,0,0,0,0,0,0,0,0,0,0,166,160,153,164,172,166,158,158,158,162,168,145,120,116,0,116,120,118,116,135,153,166,180,176,170,162,153,153,153,162,168,170,172,164,155,0,0,0,0,0,0,0,0,0,0,0,0,0,0,0,0,0,0,0,0,0,0,0,0,0,0,0,0,137,162,178,195,197,201,203,203,203,203,201,201,201,201,199,199,199,201,203,205,207,209,209,211,211,214,216,216,216,216,216,216,216,214,214,216,214,211,211,211,211,209,209,207,207,207,205,203,201,199,199,199,199,197,197,195,193,193,193,193,191,187,189,191,191,191,185,178,174,172,176,180,182,185,180,178,172,168,164,160,160,158,158,160,158,158,160,162,164,164,168,170,176,182,185,187,187,189,189,189,187,185,185,185,187,189,193,197,201,205,211,216,218,218,218,218,218,218,216,216,211,207,201,197,191,185,178,172,168,162,160,155,155,153,153,151,151,149,149,149,149,151,153,158,164,168,174,178,185,193,195,195,195,193,189,182,178,172,166,162,151,143,137,133,135,137,143,151,160,170,178,185,191,195,199,203,205,207,209,211,211,214,214,214,211,209,209,209,211,211,209,207,201,193,187,180,174,168,162,155,143,133,0,0,0,0,0,0,0,0,0,0,0,0,0,0,0,0
0,0,0,0,0,0,0,0,0,0,0,0,0,0,170,180,162,143,141,0,0,0,0,0,0,0,0,0,0,122,126,133,131,129,124,120,141,160,176,193,197,203,201,201,205,207,211,216,209,205,195,187,176,168,166,164,166,170,172,172,170,170,166,164,151,141,126,0,0,0,0,122,124,126,126,126,0,0,0,0,0,0,0,0,0,0,0,0,0,162,158,151,164,176,170,166,160,153,164,176,160,143,126,0,0,0,0,0,122,143,162,178,180,182,174,168,162,155,158,160,164,170,170,170,0,0,0,0,0,0,0,0,0,0,0,0,0,0,0,0,0,0,0,0,0,0,0,0,0,0,0,0,0,141,164,189,195,201,203,205,203,203,203,203,203,201,201,199,201,203,203,205,207,209,209,209,211,216,216,218,216,216,216,216,216,216,216,216,214,214,214,214,211,211,209,207,207,207,205,203,201,199,199,199,199,199,199,197,197,197,197,197,193,191,191,193,193,193,187,182,178,176,178,182,185,187,182,180,174,168,164,160,160,158,158,160,158,158,160,162,162,160,162,164,170,176,180,187,191,195,199,203,201,201,199,199,201,203,207,211,216,220,222,226,226,226,224,224,224,224,224,224,218,214,207,201,195,191,182,176,170,164,160,155,155,153,153,151,149,149,149,149,151,153,155,160,166,172,178,185,191,197,199,199,197,195,189,182,178,172,166,160,149,139,131,0,0,126,135,145,155,168,176,185,191,197,199,203,205,207,209,214,216,218,220,222,220,220,220,222,222,224,216,209,199,187,178,170,164,160,151,145,133,0,0,0,0,0,0,0,0,0,0,0,0,0,0,0,0,0
0,0,0,0,0,0,0,0,0,0,0,0,0,0,0,0,0,0,0,0,0,0,0,0,0,0,0,0,0,122,126,131,131,129,131,131,151,170,185,197,201,205,205,207,209,211,214,216,209,203,193,182,170,160,162,164,172,178,180,182,180,180,178,176,166,155,135,0,0,0,0,0,122,133,137,143,139,137,129,0,0,0,0,0,0,0,0,0,0,147,149,149,164,178,174,172,162,151,162,172,166,162,147,133,124,116,0,0,116,131,147,166,170,174,170,166,166,166,164,164,166,166,168,170,0,0,0,0,0,0,0,0,0,0,0,0,0,0,0,0,0,0,0,0,0,0,0,0,0,0,0,0,0,0,141,164,178,193,197,203,203,203,203,205,203,203,201,199,201,203,203,203,205,207,209,211,211,214,214,216,216,214,216,216,216,218,216,216,214,214,214,214,211,211,209,207,207,207,205,205,201,199,201,203,203,203,203,203,203,203,201,199,197,195,195,195,197,197,193,187,182,180,182,182,187,189,185,182,176,170,166,162,160,160,160,160,160,162,162,164,164,162,164,164,168,170,174,178,185,189,193,199,201,205,207,207,211,214,216,218,222,224,226,228,228,228,228,228,226,226,226,226,222,218,214,209,203,199,191,185,176,170,166,162,158,155,153,153,151,149,149,149,151,153,158,162,168,176,182,189,195,201,201,201,199,195,189,182,176,170,162,155,145,133,0,0,0,0,131,143,153,166,174,182,189,197,201,203,205,207,209,214,216,220,222,224,224,224,224,226,224,220,209,199,187,174,166,158,151,147,143,139,129,0,0,0,0,0,0,0,0,0,0,0,0,0,0,0,0,0
0,0,0,0,0,0,0,0,0,0,0,0,0,0,0,0,0,0,0,0,0,0,0,0,0,0,0,124,124,124,129,131,131,129,135,143,162,182,191,201,203,207,211,216,216,218,216,216,209,203,191,178,164,151,158,166,176,189,191,193,193,193,191,189,180,172,145,0,0,0,0,0,122,139,149,160,155,153,145,137,124,0,0,0,0,0,0,0,0,135,141,147,164,180,178,176,164,151,160,170,174,178,168,160,145,131,116,0,0,118,135,153,160,166,164,164,170,176,172,170,168,164,168,0,0,0,0,0,0,0,0,0,0,0,0,0,0,0,0,0,0,0,0,0,0,0,0,0,0,0,0,0,0,0,0,141,162,182,193,203,203,203,205,205,205,203,201,201,201,203,203,201,203,205,207,211,211,211,214,214,214,214,216,218,218,220,218,216,216,214,216,216,214,211,207,205,207,209,207,205,203,201,203,205,207,207,207,209,207,207,205,203,201,199,199,199,201,203,197,193,189,185,185,185,187,191,189,187,180,174,168,162,162,160,162,162,164,164,164,166,166,166,166,166,166,166,168,172,176,182,189,197,203,209,214,218,220,224,224,226,228,230,230,230,230,230,230,230,230,228,228,228,226,224,220,216,211,207,199,193,185,176,172,166,162,160,155,153,151,149,149,149,151,153,160,166,172,178,187,195,201,207,205,205,199,195,189,180,174,168,160,151,139,129,0,0,0,0,126,141,151,164,172,182,189,197,201,205,205,207,211,216,218,220,222,226,226,228,228,230,224,218,203,187,174,160,151,143,139,137,135,133,126,0,0,0,0,0,0,0,0,0,0,0,0,0,0,0,0,0
0,0,0,0,0,0,0,0,0,0,0,0,0,0,0,0,0,0,0,0,0,0,0,0,0,0,129,129,131,131,133,137,141,147,155,166,178,191,197,203,207,211,216,220,218,216,214,209,203,197,185,172,162,151,162,174,185,195,197,201,199,199,197,193,187,180,153,129,0,0,0,124,141,158,166,172,170,168,160,153,139,124,0,0,0,0,0,0,0,0,129,137,151,164,164,164,153,145,153,164,172,178,174,170,162,153,139,124,118,0,124,133,143,153,158,162,168,176,174,174,170,168,0,0,0,0,0,0,0,0,0,0,0,0,0,0,0,0,0,0,0,0,129,137,139,143,141,139,131,0,0,0,0,0,0,0,137,158,172,187,193,199,203,205,203,203,201,201,203,205,203,203,203,205,207,209,211,211,214,214,214,216,216,218,218,220,218,216,214,214,214,214,211,211,209,207,207,209,207,207,205,203,205,209,209,209,211,214,214,214,209,207,203,201,201,201,201,203,199,197,191,187,187,185,187,191,189,189,185,178,172,168,166,164,164,162,164,164,164,164,164,166,166,168,166,166,168,168,172,174,180,187,193,201,207,214,218,222,224,228,230,232,232,232,232,232,232,232,230,230,230,230,228,226,224,222,218,216,209,203,195,189,180,174,168,164,160,158,155,153,151,151,153,155,162,168,176,185,193,201,205,211,209,207,201,197,189,180,174,168,160,151,139,126,0,0,0,0,129,143,153,166,174,182,191,199,203,207,207,209,214,218,220,222,224,228,230,232,230,230,220,209,193,178,166,151,143,137,135,135,135,137,131,126,0,0,0,0,0,0,0,0,0,0,0,0,0,0,0,0
0,0,0,0,0,0,0,0,0,0,0,0,0,0,0,0,0,0,0,0,0,0,0,0,0,131,133,135,135,137,139,143,153,164,176,189,195,201,203,207,211,218,222,226,220,214,209,205,199,191,178,164,158,151,166,182,191,201,205,209,207,207,201,197,193,189,164,139,124,0,124,141,158,176,182,187,185,180,174,168,153,137,126,0,0,0,0,0,0,0,0,129,137,147,149,149,143,137,149,160,170,178,180,180,178,176,160,145,126,0,0,0,129,143,151,160,168,178,178,178,174,0,0,0,0,0,0,0,0,0,0,0,0,0,0,0,0,0,0,0,0,135,143,153,155,160,160,160,153,147,131,0,0,0,0,0,0,135,153,172,185,197,201,205,203,203,203,203,203,205,205,205,205,205,207,209,209,211,214,216,216,216,216,218,218,220,218,216,214,214,211,211,211,211,209,209,209,209,209,209,207,205,209,211,211,214,216,218,218,220,216,211,207,203,203,203,203,205,203,201,195,191,189,187,189,191,191,193,189,185,178,172,170,168,166,164,164,164,164,164,164,166,166,168,168,166,166,166,166,168,172,176,185,191,201,209,216,222,226,230,232,234,234,236,236,236,234,234,232,230,230,230,230,230,230,228,226,224,218,214,207,199,191,182,176,168,164,162,158,155,155,153,155,158,166,172,180,189,197,207,211,216,214,211,205,197,189,182,176,170,162,153,139,126,0,0,0,0,133,147,155,166,176,185,193,199,205,211,211,211,216,220,222,226,228,230,232,236,232,230,216,201,185,170,158,145,137,129,131,133,135,139,137,137,131,0,0,0,0,0,0,0,0,0,0,0,0,0,0,0
0,0,0,0,0,0,0,0,0,0,0,0,0,0,0,0,0,0,0,0,0,0,0,126,129,133,135,137,139,141,149,155,168,180,189,197,201,205,209,211,216,220,220,222,214,205,201,197,189,182,170,158,155,151,168,187,195,203,209,216,214,214,207,201,195,189,166,145,135,124,141,158,170,185,187,191,189,187,180,174,160,143,135,124,129,133,129,124,0,0,0,126,133,139,141,141,137,135,145,158,168,176,176,176,176,176,168,162,143,126,118,0,122,137,149,162,168,174,174,174,0,0,0,0,0,0,0,0,0,0,0,0,0,0,0,0,0,0,0,0,137,149,153,158,160,162,162,162,158,155,145,137,0,0,0,0,0,0,133,149,168,185,193,203,203,203,203,203,203,203,203,205,205,205,207,207,209,209,211,214,214,216,216,218,218,220,218,216,214,214,211,211,211,211,211,211,211,211,211,211,211,209,211,214,214,214,216,218,220,220,216,214,209,205,203,203,205,205,203,199,195,191,189,187,189,191,193,195,191,189,182,178,174,172,168,164,166,166,166,166,166,166,166,166,166,168,166,166,166,168,170,174,178,185,191,199,207,214,220,226,230,234,236,236,236,236,234,234,234,232,232,234,232,232,230,230,228,228,226,222,218,211,203,195,187,178,172,166,164,160,158,158,160,164,170,176,185,195,203,211,216,218,216,211,205,197,189,182,174,168,162,155,143,131,0,0,0,126,139,153,162,172,180,189,195,203,209,214,216,216,220,222,226,230,230,232,234,236,230,224,207,193,178,164,153,143,139,135,137,141,145,149,149,147,143,137,0,0,0,0,0,0,0,0,0,0,0,0,0,0
0,0,0,0,0,0,0,0,0,0,0,0,0,0,0,0,0,0,0,0,0,124,124,126,131,135,137,139,141,145,158,170,185,199,203,207,207,209,214,218,220,222,220,220,209,199,193,189,180,174,162,151,153,153,172,189,199,207,216,224,222,220,214,205,197,189,168,149,145,143,160,176,185,193,193,195,193,193,187,182,166,151,143,135,139,145,139,135,129,0,124,124,129,131,133,135,133,131,143,158,166,174,172,170,172,176,176,178,162,145,124,0,118,129,147,166,168,170,170,0,0,0,0,0,0,0,0,0,0,0,0,0,0,0,0,0,0,0,129,141,151,164,164,164,164,164,164,166,164,164,160,158,141,0,0,0,0,0,0,129,151,174,187,201,203,205,203,203,203,203,203,203,205,207,207,207,207,209,209,211,214,216,216,218,218,220,218,218,216,214,211,209,209,211,211,211,211,214,214,214,214,216,216,216,216,216,218,220,220,222,218,214,209,205,205,205,205,205,203,199,195,191,189,187,189,193,195,197,195,193,187,182,178,174,170,166,166,168,168,168,168,168,166,166,166,168,168,168,168,168,168,170,174,176,182,191,199,207,216,224,228,234,236,238,238,236,236,236,236,236,236,236,236,234,232,232,232,234,232,230,228,224,216,209,199,189,180,172,168,164,162,162,166,170,176,182,191,199,207,218,218,220,216,214,205,197,189,182,174,168,162,158,145,135,126,0,126,135,147,160,168,176,185,191,199,207,214,218,220,222,224,226,230,234,234,236,236,238,228,220,201,185,172,160,151,143,141,141,145,149,153,160,160,160,155,151,135,0,0,0,0,0,0,0,0,0,0,0,0,0
0,0,0,0,0,0,0,0,0,0,0,0,0,0,0,0,0,0,0,129,131,135,139,141,143,147,145,143,147,151,166,180,191,201,203,207,209,214,218,220,220,220,214,209,199,189,185,182,178,174,166,160,162,164,178,193,201,211,218,226,224,222,216,207,197,189,172,155,155,155,170,185,189,195,197,199,199,197,191,182,168,153,147,143,149,158,153,149,143,139,137,135,135,137,135,135,131,129,137,147,155,164,162,160,160,158,162,164,153,145,126,0,0,0,129,141,141,141,0,0,0,0,0,0,0,0,0,0,0,0,0,0,0,0,0,0,0,0,133,147,155,166,166,166,168,168,168,170,170,168,164,162,151,141,0,0,0,0,0,0,133,155,174,193,197,203,203,203,203,203,203,203,203,205,205,203,203,203,207,209,211,216,216,216,218,218,218,216,216,214,211,211,211,211,214,214,214,216,216,216,216,216,216,218,218,220,220,220,220,222,218,214,209,205,205,205,205,205,203,201,197,191,189,187,189,193,195,197,195,193,189,185,180,174,172,170,168,168,168,168,168,170,168,168,168,170,168,168,168,168,170,170,172,174,180,185,191,199,207,216,222,230,234,238,238,238,238,236,236,238,238,238,236,236,236,234,234,236,234,234,232,230,224,220,211,205,195,187,180,174,172,170,174,176,182,191,199,207,214,220,220,222,218,214,205,199,191,182,176,168,164,158,149,139,135,129,137,145,155,166,174,182,191,197,205,214,218,222,224,226,226,228,232,236,236,238,236,236,224,211,195,178,168,160,153,149,149,149,153,155,160,164,164,166,162,158,141,0,0,0,0,0,0,0,0,0,0,0,0,0
0,0,0,0,0,0,0,0,0,0,0,0,0,0,0,0,0,0,126,133,141,147,151,158,158,160,153,147,153,160,176,193,197,203,205,207,211,218,222,224,220,218,207,199,191,180,178,174,174,174,170,166,170,172,185,195,205,214,222,230,228,226,218,209,199,189,176,164,166,168,180,193,195,199,203,205,205,203,195,185,170,155,153,151,160,170,168,166,160,153,149,143,143,141,139,135,131,126,133,137,145,153,151,149,145,141,145,151,147,145,126,0,0,0,0,0,0,0,0,0,0,0,0,0,0,0,0,0,0,0,0,0,0,0,0,0,0,0,137,153,160,168,168,170,170,172,174,176,174,172,170,166,162,155,137,0,0,0,0,0,0,137,162,187,193,201,201,203,203,203,201,201,203,205,203,201,199,199,203,207,209,214,216,216,216,218,216,216,216,214,214,214,214,214,214,216,216,218,218,218,218,218,218,220,222,222,222,222,222,222,218,214,209,207,205,203,205,205,205,205,199,193,189,187,189,193,195,197,195,195,191,187,180,176,174,172,172,170,170,168,170,172,170,170,170,170,170,170,168,168,170,172,172,174,176,178,185,193,201,209,218,226,232,238,238,240,238,238,238,240,240,240,238,238,238,238,238,238,238,236,236,236,234,232,226,220,209,201,193,185,180,178,182,185,191,199,207,216,218,222,222,222,218,216,207,199,191,182,176,170,164,158,151,145,143,139,147,153,164,172,180,189,197,205,211,220,224,228,228,230,230,232,236,238,240,240,236,234,220,205,189,172,166,160,158,155,158,160,162,164,166,170,170,172,168,166,149,133,0,0,0,0,0,0,0,0,0,0,0,0
0,0,0,0,0,0,0,0,0,0,0,0,0,0,0,0,126,135,145,158,166,174,176,178,176,174,170,164,170,176,187,199,203,207,209,211,216,220,222,224,220,214,203,195,187,180,178,178,180,182,180,180,182,187,193,201,209,218,224,230,228,224,216,207,197,187,176,168,172,176,187,195,201,207,209,211,207,203,193,185,170,155,155,155,166,176,174,174,170,166,162,155,153,149,145,143,139,133,135,135,139,143,141,137,133,129,129,131,129,126,0,0,0,0,0,0,0,0,0,0,0,0,0,0,0,0,0,0,0,0,0,0,0,0,0,0,0,122,137,153,158,164,168,172,176,180,182,185,182,180,176,170,166,162,147,133,0,0,0,0,0,129,153,180,189,197,199,201,203,203,203,201,201,201,199,197,197,197,201,205,209,214,214,216,216,216,216,216,216,214,214,214,216,216,216,218,218,218,218,218,218,218,220,222,222,222,222,224,222,222,218,214,209,207,205,203,203,203,203,203,199,195,191,189,189,191,193,197,195,195,193,189,185,178,176,176,174,172,172,170,172,174,172,172,172,170,170,170,168,168,170,172,172,172,174,176,182,187,195,203,211,220,226,234,236,240,240,240,240,240,240,240,240,240,240,240,240,240,240,238,238,238,236,234,230,226,220,214,207,199,197,193,195,197,201,207,214,220,222,226,226,226,222,218,209,201,193,185,176,170,166,160,153,149,147,145,151,160,168,176,187,195,203,214,218,224,228,232,232,234,234,234,236,240,240,240,236,230,214,199,187,174,170,166,164,164,166,168,168,170,172,174,174,172,170,168,149,133,0,0,0,0,0,0,0,0,0,0,0,0
0,0,0,0,0,0,0,0,0,0,0,0,0,0,0,0,133,149,164,180,191,199,201,201,197,191,185,180,187,193,199,207,209,211,214,218,220,224,224,224,218,211,201,189,185,178,180,180,185,189,191,195,197,199,203,205,214,224,226,230,226,224,214,205,195,185,178,174,180,187,193,199,207,216,216,218,211,203,193,182,170,158,160,162,172,182,182,185,180,178,174,168,164,158,153,151,145,141,137,133,133,133,129,126,122,0,0,0,0,0,0,0,0,0,0,0,0,0,0,0,0,0,0,0,0,0,0,0,0,0,0,0,0,0,0,0,0,126,139,151,158,162,168,176,180,187,191,193,191,191,182,174,170,166,155,147,0,0,0,0,0,0,147,174,185,195,197,201,203,205,203,203,199,197,197,195,195,195,199,205,207,211,214,216,214,214,214,216,216,216,216,216,216,218,218,220,218,218,218,218,218,220,222,224,222,222,224,226,224,224,220,216,211,207,203,201,201,201,203,203,201,199,195,191,189,189,193,197,197,197,195,193,187,182,180,178,176,174,174,174,174,176,176,176,174,172,170,170,168,168,170,172,172,172,174,174,178,182,189,195,203,214,222,230,234,240,240,240,240,240,243,243,243,243,243,243,243,243,243,243,243,243,238,236,234,234,230,228,222,216,211,209,209,209,211,216,220,226,228,230,230,230,226,222,211,201,193,185,178,172,166,162,158,153,153,151,158,164,172,182,193,203,211,222,226,230,232,236,236,238,236,236,238,240,240,243,234,226,209,195,185,174,172,172,172,172,172,174,176,178,178,180,176,174,172,170,151,135,0,0,0,0,0,0,0,0,0,0,0,0
0,0,0,0,0,0,0,0,0,0,0,0,0,0,0,129,147,166,180,193,199,205,205,205,201,199,195,191,195,201,205,211,214,216,218,222,220,220,218,216,209,201,193,182,182,180,185,187,193,199,201,203,205,207,209,214,220,226,228,230,226,222,211,201,193,185,180,176,182,189,195,201,209,220,220,218,209,203,193,182,170,158,162,166,174,185,187,187,185,182,178,174,172,168,164,162,155,151,147,143,139,135,131,124,0,0,0,0,0,0,0,0,0,0,0,0,0,0,0,0,0,0,0,0,0,0,0,0,0,0,0,0,0,0,0,0,0,133,143,155,162,168,174,180,187,193,195,197,195,195,187,178,172,168,160,151,131,0,0,0,0,0,147,170,180,191,195,199,201,205,203,201,199,197,197,195,195,197,201,205,207,211,211,214,211,211,214,216,214,214,216,216,216,218,218,218,218,218,218,218,220,222,222,224,222,222,222,224,224,224,220,216,209,205,203,201,201,201,203,203,201,199,195,191,189,189,193,197,197,199,197,197,191,187,185,180,178,176,176,178,178,178,180,180,178,178,174,172,172,170,170,172,172,172,174,174,178,180,187,191,199,205,214,222,230,236,238,240,240,243,243,245,245,245,245,245,245,245,245,243,243,243,240,238,238,236,234,232,228,224,220,218,218,218,220,222,224,228,228,230,230,232,228,224,216,207,199,193,185,176,170,164,162,158,158,158,166,172,180,191,201,211,220,226,230,232,236,238,238,238,238,238,238,240,240,240,230,222,207,191,185,178,176,176,176,178,178,180,182,182,182,180,176,174,170,168,145,0,0,0,0,0,0,0,0,0,0,0,0,0
0,0,0,0,0,0,0,0,0,0,0,0,0,0,129,141,162,185,195,207,207,209,209,211,207,205,203,201,205,209,211,216,218,222,224,226,222,218,214,209,201,193,185,178,180,182,189,195,201,207,211,214,216,216,218,220,224,230,230,230,226,222,209,199,191,182,180,180,187,193,197,203,214,224,222,220,209,201,191,180,170,158,164,168,178,189,189,191,189,187,185,182,180,180,176,172,168,164,158,153,145,139,131,124,0,0,0,0,122,124,122,122,0,0,0,0,0,0,0,124,122,122,0,0,0,0,0,0,0,0,0,0,0,0,0,0,124,139,149,162,166,172,178,185,191,197,199,201,201,199,191,182,176,170,164,158,139,0,0,0,0,126,147,168,176,187,191,197,199,203,201,201,199,197,197,197,197,199,201,205,207,209,209,211,211,211,214,216,214,214,216,218,218,218,218,218,218,218,218,218,220,224,224,224,222,222,222,224,222,222,218,216,209,205,203,201,201,201,203,203,201,199,195,191,189,189,193,197,199,201,201,201,197,193,189,185,182,180,180,182,182,182,185,185,185,185,180,176,174,172,172,172,172,174,174,176,178,180,182,187,193,199,207,216,226,234,238,243,243,243,245,245,245,245,245,247,247,247,245,245,245,245,243,243,240,238,238,236,234,232,228,226,228,228,228,228,228,230,230,232,232,234,230,228,222,216,207,199,191,180,174,168,166,164,164,166,172,180,189,199,209,220,226,232,234,236,238,240,240,240,240,240,240,240,238,238,228,218,203,189,185,180,180,180,182,185,185,187,187,189,185,182,178,174,168,164,141,0,0,0,0,0,0,0,0,0,0,0,0,0
0,0,0,0,0,0,0,0,0,0,0,0,0,137,147,158,172,189,199,209,211,214,211,211,207,203,203,203,205,209,211,214,216,216,216,214,209,203,201,197,191,182,176,172,176,182,191,199,207,214,216,220,220,220,222,222,224,226,226,228,224,220,207,197,189,180,178,178,187,193,201,209,218,226,220,216,207,199,189,178,168,155,164,170,178,187,189,191,191,191,189,187,185,182,178,176,172,170,164,158,149,141,135,129,129,126,133,139,141,145,143,143,141,141,135,131,126,122,124,129,131,133,133,135,133,131,129,124,120,0,0,0,0,0,124,133,141,149,155,164,170,176,182,189,195,201,201,203,201,201,193,185,176,168,162,155,139,0,0,0,0,129,147,164,174,185,189,195,197,201,201,201,199,197,197,197,197,199,201,203,205,205,207,209,209,209,211,214,214,216,216,218,218,218,218,220,218,218,218,218,220,224,224,224,222,222,222,222,222,220,218,214,209,205,203,201,201,201,201,203,201,199,195,191,191,191,193,197,199,203,201,199,195,189,187,182,180,180,180,182,182,185,187,189,189,191,187,182,178,176,176,174,174,174,176,176,178,180,182,185,191,195,203,211,220,230,234,240,240,243,243,245,245,245,245,245,245,245,245,245,245,247,245,243,240,240,238,238,236,234,232,232,230,230,230,230,230,232,232,232,234,234,232,232,228,224,218,211,201,193,187,180,178,174,176,178,185,193,201,211,220,226,230,234,236,238,240,243,240,240,240,240,240,243,238,236,224,214,203,191,187,182,185,185,187,189,191,193,191,189,185,180,176,172,164,158,133,0,0,0,0,0,0,0,0,0,0,0,0,0
0,0,0,0,0,0,0,0,0,0,0,131,143,158,166,174,182,193,203,214,216,218,214,211,205,201,201,203,207,209,211,214,211,211,207,203,197,191,189,187,180,172,170,166,174,182,193,203,211,222,222,224,224,226,224,224,224,224,224,226,222,218,207,197,187,176,178,178,187,195,205,214,220,226,220,214,205,197,187,178,166,155,164,172,178,185,187,191,193,197,195,193,189,187,182,180,178,176,170,164,153,145,139,133,135,139,147,158,162,164,164,164,162,160,151,143,135,126,131,135,139,145,147,151,151,151,149,147,143,141,135,131,133,137,145,153,155,160,164,168,174,180,187,195,199,203,205,205,203,203,193,185,176,168,162,155,141,126,0,0,0,133,147,162,172,182,187,193,197,201,201,203,201,199,199,197,199,201,201,201,201,203,205,207,209,209,209,211,214,216,218,220,218,218,220,222,220,220,218,218,220,224,222,222,222,222,222,222,220,220,216,214,209,205,203,203,201,201,201,201,201,199,195,193,193,193,195,199,201,203,201,199,193,187,185,180,180,180,182,185,185,185,189,193,195,197,193,189,185,180,178,178,176,176,176,176,178,180,180,182,187,191,199,207,216,226,232,238,238,240,243,245,245,245,245,245,243,243,245,247,247,247,245,245,243,243,240,238,238,238,238,236,234,232,232,232,232,234,234,234,234,236,236,236,234,232,226,222,214,205,199,195,191,187,189,191,199,205,214,224,228,234,236,238,238,240,240,243,243,243,243,243,243,243,238,234,222,211,203,193,189,187,189,191,193,195,195,197,195,191,185,178,174,172,162,149,0,0,0,0,0,0,0,0,0,0,0,0,0,0
0,0,0,0,0,0,0,0,0,0,0,153,166,178,180,185,189,193,203,214,216,218,211,207,199,193,195,197,199,203,205,205,203,201,197,193,189,182,180,180,174,168,166,164,172,180,193,207,216,224,226,226,224,220,218,214,216,216,220,224,222,220,207,195,182,172,174,176,187,197,205,216,222,226,220,211,201,189,178,168,162,155,166,176,180,187,191,197,201,205,199,195,193,191,187,182,178,174,168,162,153,147,145,143,147,153,160,168,170,172,172,172,170,168,162,153,143,133,131,131,135,139,143,149,151,153,153,155,153,153,149,145,147,149,155,162,164,164,168,172,176,182,191,197,201,207,207,209,207,203,195,185,176,168,162,155,141,0,0,0,0,131,147,164,172,182,187,191,195,199,201,205,203,201,199,199,199,201,201,201,201,199,201,203,205,207,209,209,214,216,218,220,220,218,220,220,220,220,218,218,220,222,222,222,222,222,222,222,220,218,216,211,209,205,205,203,201,199,199,201,199,199,195,193,193,195,197,199,201,203,199,195,189,182,180,178,178,178,180,182,182,182,185,189,193,197,195,193,189,187,182,180,178,178,178,178,178,180,180,182,185,189,195,203,211,222,226,232,234,234,238,240,240,240,243,243,243,243,245,247,247,247,245,245,243,243,243,240,240,243,240,238,236,236,234,234,234,234,234,236,236,236,236,236,234,232,230,228,224,220,216,211,209,205,207,209,214,218,224,230,234,236,238,240,240,240,243,243,243,243,243,243,243,243,238,232,222,211,203,195,193,191,193,195,197,197,197,197,193,189,182,176,174,170,155,141,0,0,0,0,0,0,0,0,0,0,0,0,0,0
0,0,0,0,0,0,0,0,0,0,143,176,187,199,197,197,195,195,203,214,216,218,209,203,193,185,187,189,193,199,199,199,195,191,187,185,180,176,174,172,168,164,162,160,170,180,195,209,220,228,228,228,222,216,211,205,207,207,216,224,222,222,207,193,178,166,170,174,187,197,207,220,224,228,218,209,195,182,170,158,155,155,168,180,185,189,195,203,207,214,205,199,197,195,191,187,180,174,168,162,155,149,149,151,160,168,172,176,178,180,180,180,178,178,170,164,151,139,133,126,129,133,141,149,153,158,160,164,164,166,164,162,162,164,166,170,170,170,172,174,180,187,195,201,205,209,211,214,209,205,195,185,176,168,162,155,139,124,0,0,0,129,145,164,172,180,185,189,193,199,203,207,205,203,201,199,201,201,201,203,199,195,197,201,203,207,207,209,214,216,220,222,220,218,218,220,220,220,218,218,218,220,220,220,220,220,220,222,220,218,214,211,207,205,205,205,201,199,199,199,199,199,195,193,195,197,199,199,201,201,197,193,185,178,178,176,176,176,178,180,180,180,182,187,191,197,197,199,195,191,187,185,182,180,180,180,180,182,180,180,185,187,193,199,207,216,222,228,228,230,232,236,236,238,240,243,243,245,245,247,247,247,245,245,245,245,245,245,245,245,243,243,240,238,238,238,236,236,236,236,236,238,236,236,236,234,234,234,234,234,232,230,228,224,226,226,228,232,234,238,238,240,240,243,243,243,243,243,243,243,245,245,245,245,238,232,222,211,205,199,197,195,197,199,201,201,199,195,191,187,180,176,172,168,151,133,0,0,0,0,0,0,0,0,0,0,0,0,0,0
0,0,0,0,0,0,0,0,0,0,160,189,197,205,203,203,201,199,205,214,214,216,207,199,191,180,178,176,180,182,185,189,187,185,185,182,180,178,178,178,176,174,172,172,178,185,199,214,222,230,228,226,218,209,201,195,195,197,207,218,222,226,214,201,189,176,178,182,191,201,211,220,224,226,218,207,193,178,166,153,155,158,168,180,187,191,199,207,211,216,209,201,199,195,191,187,178,172,168,162,158,153,155,160,166,172,176,178,182,185,185,185,182,180,174,170,158,147,143,137,135,133,137,143,149,158,160,164,164,166,164,164,164,164,168,170,172,172,174,178,185,189,197,203,209,214,216,216,211,207,199,189,180,172,166,160,145,129,0,0,0,0,141,162,172,185,187,191,195,201,205,207,205,203,203,203,205,207,207,207,203,199,201,201,205,207,209,211,214,218,220,224,222,220,218,218,220,220,220,218,218,220,220,220,220,220,220,220,218,214,211,209,205,203,203,203,201,201,201,201,199,199,195,193,195,197,199,199,199,199,195,191,185,178,178,176,176,176,178,178,178,178,180,182,187,191,193,197,195,195,193,191,189,187,187,187,187,185,185,182,185,187,191,197,205,216,220,224,226,226,228,232,232,232,236,240,243,245,245,245,245,247,245,245,245,245,245,245,245,245,243,243,240,240,240,240,238,238,238,238,238,238,238,236,236,236,236,236,236,236,236,234,232,232,232,232,234,234,236,240,240,240,243,243,243,245,245,245,243,243,245,245,245,243,236,230,222,211,205,201,199,197,199,201,201,201,197,195,189,182,178,174,168,162,143,0,0,0,0,0,0,0,0,0,0,0,0,0,0,0
0,0,0,0,0,0,0,0,0,149,176,201,207,214,211,209,205,203,207,214,214,214,205,197,187,176,170,166,166,168,172,176,178,178,180,182,182,182,185,187,185,185,185,185,187,191,205,218,224,230,226,224,211,201,193,182,185,187,199,214,220,228,220,209,197,185,187,189,197,207,214,222,224,226,216,207,191,174,162,149,153,158,170,182,187,193,203,214,216,220,211,205,201,197,191,187,178,172,168,164,160,158,162,168,172,178,180,180,187,191,191,191,187,185,180,176,166,158,151,147,139,133,135,139,147,155,160,166,166,166,166,166,166,166,168,170,172,176,178,182,187,193,199,207,211,218,220,220,216,211,201,193,185,176,170,164,149,135,0,0,0,0,135,162,174,187,189,193,199,205,207,209,205,203,205,207,211,214,214,214,207,203,203,203,205,209,209,211,216,218,222,224,222,220,220,218,220,222,220,220,220,220,220,222,222,222,220,220,216,211,209,207,203,201,201,201,201,201,203,203,201,199,197,193,195,197,199,201,199,199,193,189,185,180,178,178,176,176,176,178,178,178,178,180,182,187,191,195,197,199,197,197,195,195,195,193,191,189,187,185,185,185,191,197,205,214,218,222,222,224,226,226,226,228,232,238,243,245,245,245,245,247,247,247,245,245,245,245,245,245,243,243,243,243,243,243,240,240,240,240,240,240,238,238,236,236,236,238,238,240,240,240,238,238,238,240,238,238,240,243,243,243,245,245,245,247,245,245,245,243,245,245,243,243,236,230,222,214,207,203,201,201,201,201,201,201,197,193,187,180,176,174,166,158,137,0,0,0,0,0,0,0,0,0,0,0,0,0,0,0
0,0,0,0,0,0,0,0,0,160,182,203,207,211,211,211,209,209,211,216,216,214,207,203,193,185,174,166,162,160,164,170,174,180,185,189,191,193,195,197,197,197,197,197,199,201,211,222,226,232,228,224,211,199,189,178,178,180,193,207,218,228,224,220,209,199,201,203,209,216,220,226,226,228,218,207,193,176,166,158,160,162,170,178,185,191,199,209,214,218,214,209,203,199,191,185,178,172,170,166,164,164,168,172,178,182,187,191,195,199,197,197,193,189,185,178,170,160,158,153,145,139,139,141,147,155,160,166,166,168,166,166,166,168,170,172,174,178,180,185,191,195,203,211,216,222,222,222,218,214,207,199,193,185,178,172,158,145,129,0,0,0,129,149,170,189,193,197,201,205,207,209,207,205,207,211,216,218,218,216,214,211,209,207,207,207,209,209,214,216,218,222,222,222,220,218,220,220,220,220,220,220,220,222,222,222,220,218,216,211,209,205,203,201,201,201,201,203,203,205,203,199,197,195,197,199,201,203,199,195,189,182,180,178,178,178,176,176,178,178,178,178,180,180,182,185,187,191,195,199,199,201,203,205,205,203,201,199,197,193,193,191,195,199,207,216,220,224,224,226,226,228,230,230,234,240,243,245,245,245,245,245,245,247,245,245,245,243,243,245,245,245,243,243,243,243,243,240,240,240,240,240,240,240,240,240,238,238,238,240,238,238,238,238,240,240,240,240,240,243,243,245,245,247,247,247,245,245,243,243,243,243,243,240,234,230,222,214,209,205,203,201,201,201,201,201,197,193,187,178,176,172,162,151,133,0,0,0,0,0,0,0,0,0,0,0,0,0,0,0
0,0,0,0,0,0,0,0,0,172,189,207,209,211,214,216,216,214,216,218,218,216,211,207,201,195,180,166,160,151,158,162,172,180,189,195,199,203,205,207,207,207,209,209,209,211,220,228,230,232,228,226,211,197,185,172,174,174,187,201,214,226,228,228,222,216,216,218,222,226,228,230,230,230,220,209,195,180,172,164,164,164,170,176,180,187,197,205,211,218,216,216,207,199,191,185,178,174,172,170,170,170,174,178,182,189,193,199,203,207,205,203,199,195,189,180,172,164,162,160,153,147,145,143,149,153,160,166,166,168,168,168,168,170,172,174,176,180,185,189,195,199,207,216,220,224,224,224,220,216,211,207,199,193,187,180,168,155,137,0,0,0,0,139,164,191,197,203,205,207,209,209,207,207,211,218,220,224,222,220,218,218,216,211,209,207,207,209,211,214,216,220,222,222,220,218,218,220,220,222,220,220,222,224,224,224,220,218,216,211,209,205,203,203,203,203,203,203,205,207,203,201,199,197,199,201,203,205,197,191,185,178,178,178,178,178,178,178,178,178,178,180,180,180,180,182,185,187,193,199,203,207,211,216,216,216,214,211,207,203,201,199,201,203,209,218,222,226,226,228,228,230,232,234,238,240,243,245,245,245,245,245,245,247,245,245,243,243,243,245,245,245,245,245,245,243,243,243,243,243,243,243,243,245,243,243,240,240,240,240,238,238,238,240,240,243,243,243,243,243,245,247,247,249,247,247,245,245,243,243,243,243,240,238,234,228,222,216,211,207,205,203,203,203,201,201,197,193,187,178,174,170,158,147,131,0,0,0,0,0,0,0,0,0,0,0,0,0,0,0
0,0,0,0,0,0,0,0,0,176,191,207,211,216,218,222,218,216,218,220,222,222,218,216,209,205,193,180,172,164,168,172,180,191,197,203,205,209,211,211,211,214,214,216,218,220,224,230,232,232,228,224,211,197,185,172,172,172,185,197,211,224,228,230,228,224,224,226,226,226,228,228,230,230,222,216,203,191,180,172,168,166,170,172,176,182,191,197,205,214,216,218,211,207,199,191,185,180,178,178,180,180,185,189,195,199,205,211,214,216,214,211,205,199,191,185,176,168,164,162,158,153,151,149,151,153,158,162,166,168,168,168,170,170,174,176,180,182,189,193,199,205,211,218,222,226,224,224,220,218,214,211,205,201,193,185,170,155,139,0,0,0,0,131,155,178,191,203,205,209,209,211,209,209,214,220,222,226,222,220,220,220,216,214,209,205,207,207,209,211,216,218,220,222,220,218,220,220,220,222,220,220,222,222,222,224,220,218,214,211,207,205,203,203,203,203,203,203,205,207,203,201,201,201,203,205,205,205,199,191,185,178,178,178,178,178,178,178,178,180,180,180,180,180,180,182,182,185,189,193,197,201,207,216,218,222,220,218,214,211,209,207,209,211,218,224,228,230,232,232,234,234,236,238,238,240,243,243,245,245,245,245,245,245,245,247,245,245,247,247,247,247,247,247,245,245,245,245,245,245,245,245,245,245,245,245,243,243,240,240,240,238,238,240,240,243,243,243,243,243,245,247,247,247,247,245,245,243,243,240,240,240,240,238,234,230,224,218,214,211,207,205,205,205,203,203,197,193,187,178,174,170,158,147,135,0,0,0,0,0,0,0,0,0,0,0,0,0,0,0
0,0,0,0,0,0,0,0,135,180,193,207,214,222,224,228,222,218,220,224,226,228,224,222,220,218,205,193,185,176,178,180,191,199,205,209,214,218,218,218,218,218,220,222,226,228,230,234,234,234,228,224,209,197,185,174,172,172,182,195,209,222,228,234,234,234,234,232,230,228,228,228,230,230,226,222,211,201,189,178,174,170,170,170,174,178,185,191,199,209,216,222,218,216,205,197,191,187,187,187,191,193,197,201,205,211,218,224,224,224,220,218,211,205,195,187,178,172,168,164,162,160,158,155,153,153,155,160,164,168,168,168,170,172,174,178,182,187,193,199,203,209,216,222,224,228,226,224,222,220,218,216,211,209,201,191,174,158,141,126,0,0,0,0,145,168,185,203,207,211,211,214,211,211,216,222,224,228,224,222,222,222,218,216,211,205,205,207,209,211,214,218,220,222,220,220,220,220,222,222,222,222,222,222,222,224,220,216,214,209,207,205,205,203,203,203,203,205,205,207,203,201,201,203,205,209,207,207,199,191,185,178,178,180,178,178,178,180,180,180,180,180,180,180,180,182,182,182,185,187,191,195,205,216,222,228,226,226,222,218,218,218,220,222,226,230,232,236,236,238,238,240,240,243,240,240,240,243,245,245,245,245,245,245,247,249,249,249,249,249,249,249,249,247,247,247,247,247,247,247,247,247,247,247,247,247,245,245,243,243,240,238,240,240,243,245,243,243,243,243,245,247,247,247,245,243,243,243,240,240,240,240,240,240,236,232,226,222,218,214,211,209,209,207,205,203,199,193,187,180,174,168,158,149,141,133,0,0,0,0,0,0,0,0,0,0,0,0,0,0
0,0,0,0,0,0,0,0,135,180,195,207,216,222,224,226,220,216,216,218,222,228,228,228,224,220,209,199,191,182,185,187,195,203,209,216,218,222,222,224,222,222,224,226,228,232,234,234,234,234,228,224,211,199,187,176,174,172,182,195,205,218,226,232,232,232,230,226,222,220,218,218,220,222,222,220,214,205,195,187,180,174,172,170,172,174,180,185,195,205,214,222,222,222,216,209,205,201,201,201,205,207,209,211,214,216,220,222,224,224,222,222,214,207,197,189,182,176,172,170,168,166,164,162,158,153,153,153,158,162,164,168,170,170,176,180,187,193,199,207,211,216,218,222,226,228,226,226,226,224,222,220,216,214,205,195,180,164,145,126,0,0,0,126,143,160,176,195,201,209,211,211,211,209,216,220,224,228,224,222,222,222,218,216,211,207,205,205,207,209,211,214,216,218,218,220,220,220,222,222,222,220,220,222,222,222,218,214,209,207,207,205,205,205,205,205,205,205,203,203,201,201,205,209,211,216,211,207,199,189,185,178,180,180,180,180,180,180,180,182,180,180,180,180,180,180,182,182,182,185,187,189,197,205,214,222,224,224,222,222,224,226,228,230,232,234,236,238,238,240,240,240,240,240,240,240,243,243,243,245,245,243,245,245,247,249,249,249,249,251,251,251,249,249,249,247,247,247,247,247,245,245,245,245,247,249,247,245,245,243,240,240,240,243,243,243,243,243,243,243,243,245,245,245,245,245,243,243,243,240,243,243,243,243,238,234,228,224,220,218,216,216,214,211,207,205,199,193,187,178,174,170,158,147,133,0,0,0,0,0,0,0,0,0,0,0,0,0,0,0
0,0,0,0,0,0,0,0,135,182,195,209,216,224,224,226,218,211,214,214,220,228,230,232,228,222,214,203,197,191,191,193,199,207,214,222,224,226,228,230,226,224,226,230,232,236,236,236,236,236,230,224,211,201,191,180,176,174,185,193,203,216,224,232,232,232,226,222,216,209,207,205,209,214,216,218,214,211,203,195,187,178,174,170,170,172,176,180,191,203,211,222,226,230,226,222,218,216,216,218,220,222,222,222,222,222,222,222,224,226,226,224,216,209,199,191,187,182,178,176,174,174,170,168,162,155,151,147,151,155,162,168,168,170,176,182,191,201,207,216,218,220,222,224,226,228,228,230,228,228,226,224,222,218,209,201,187,172,149,129,124,0,124,129,141,151,168,187,197,209,209,211,209,209,214,218,222,228,224,222,222,222,220,216,211,209,205,203,205,207,207,209,211,214,218,220,220,220,222,222,220,220,220,222,222,222,216,211,207,205,205,207,207,207,207,207,205,205,201,199,199,201,209,216,218,222,216,209,197,187,182,180,180,182,180,180,180,180,182,182,182,182,180,180,180,180,182,182,182,182,182,182,189,195,205,216,220,224,224,224,228,232,234,238,238,240,240,243,243,243,240,240,240,240,240,243,243,243,243,245,243,243,245,245,247,249,249,249,251,253,251,251,251,251,249,249,249,249,247,247,245,245,245,245,247,251,249,247,245,245,243,240,243,243,243,243,240,240,240,243,240,240,243,245,245,245,245,245,243,243,245,245,245,245,240,236,230,226,224,220,220,220,218,214,209,207,199,193,187,178,174,170,158,145,0,0,0,0,0,0,0,0,0,0,0,0,0,0,0,0
0,0,0,0,0,0,0,0,0,178,195,209,216,224,222,222,214,205,203,203,211,220,226,232,228,226,218,209,201,193,193,193,201,209,218,224,226,226,226,226,222,220,222,224,228,234,236,236,236,236,230,222,214,203,193,182,178,176,185,193,201,209,218,226,224,224,218,211,205,197,195,193,197,203,205,209,207,207,201,197,189,180,176,170,170,168,174,180,191,201,211,222,226,230,228,224,224,224,222,222,224,224,220,218,216,214,214,214,216,218,218,218,216,211,205,199,195,189,185,180,178,176,174,172,166,162,153,147,147,149,158,166,168,170,176,182,191,201,209,218,220,222,224,226,228,230,230,232,232,230,228,226,222,218,209,201,189,176,153,133,126,0,126,133,141,151,162,172,185,197,201,205,207,207,214,218,222,226,224,222,222,222,220,216,214,211,207,205,205,205,207,207,209,211,216,218,220,220,220,220,220,218,218,220,218,218,214,209,207,205,207,207,207,209,209,209,207,207,203,199,203,207,214,222,222,222,214,207,197,187,182,180,180,180,180,180,180,180,180,182,182,182,180,180,180,180,180,182,180,180,180,180,185,189,197,205,211,218,222,228,232,236,238,240,240,240,243,243,243,243,240,240,240,240,243,245,243,243,245,245,245,243,245,245,247,249,249,249,249,251,251,251,251,251,249,249,249,249,247,247,247,247,247,247,247,249,247,245,245,245,243,240,243,243,243,243,243,243,243,243,243,243,243,245,245,245,245,245,245,245,245,245,245,245,240,236,230,226,222,220,220,220,218,216,211,207,201,193,187,178,176,172,158,143,0,0,0,0,0,0,0,0,0,0,0,0,0,0,0,0
0,0,0,0,0,0,0,0,0,176,193,211,216,222,220,218,207,199,195,191,201,211,220,230,230,230,222,214,205,195,195,195,203,214,220,228,228,228,226,224,218,214,216,218,224,232,234,238,238,236,230,222,214,205,195,185,180,178,185,193,199,205,214,220,218,216,209,201,193,187,185,182,187,191,195,201,201,203,201,199,193,185,178,172,168,166,172,178,189,199,209,222,226,230,228,228,228,230,228,228,226,226,220,214,209,205,205,205,205,207,209,214,214,216,211,207,201,197,193,187,182,180,178,176,172,168,158,149,145,143,153,166,168,172,176,182,193,203,211,220,222,224,226,228,228,230,232,234,234,234,232,230,224,218,211,203,193,180,160,139,131,124,131,137,143,149,155,160,172,187,193,201,203,205,211,218,222,226,224,222,222,222,220,218,216,216,209,205,205,205,205,207,209,211,214,218,218,220,220,220,218,218,218,218,216,214,209,207,205,205,207,209,209,209,211,211,211,209,203,199,205,211,220,226,224,224,214,205,197,187,185,180,180,180,180,182,180,180,180,182,182,182,180,180,180,178,180,180,180,180,180,180,180,182,189,195,203,214,222,230,236,240,243,243,243,243,243,243,243,243,243,240,240,243,245,247,245,245,245,245,245,245,245,245,247,249,249,249,249,249,249,249,249,251,249,249,249,249,249,249,247,247,247,247,247,249,247,245,245,245,243,243,243,243,243,243,245,245,245,245,245,243,245,247,245,245,245,245,245,245,245,247,245,245,240,236,230,226,222,220,218,218,218,216,211,209,201,193,187,180,176,174,158,141,0,0,0,0,0,0,0,0,0,0,0,0,0,0,0,0
0,0,0,0,0,0,0,0,0,172,191,211,216,222,220,218,205,195,191,187,195,203,214,226,228,232,226,220,209,201,201,201,207,216,222,228,226,226,220,216,211,205,205,207,216,224,230,236,236,236,228,220,211,203,191,180,176,172,180,189,195,203,205,209,207,207,201,195,187,176,172,168,174,180,189,195,197,199,197,197,189,182,174,166,166,166,172,180,187,195,205,216,222,228,226,224,226,226,224,222,220,220,211,205,203,199,197,197,197,197,199,203,205,209,209,209,207,205,201,197,191,187,182,178,176,172,164,155,149,145,155,164,168,172,176,182,191,201,209,218,222,226,228,230,230,232,234,236,236,234,232,230,224,218,209,201,191,180,164,147,139,133,137,141,145,151,155,160,170,180,189,197,201,203,209,218,220,224,224,222,222,222,220,218,218,216,211,207,205,205,205,205,207,209,214,218,218,220,218,216,216,214,214,214,211,211,209,207,207,205,207,207,209,209,211,214,211,211,207,205,211,220,224,230,226,222,211,201,193,187,185,182,180,180,180,180,180,180,180,180,180,182,180,180,180,180,180,180,180,180,180,180,180,182,187,191,199,209,220,230,236,240,243,245,245,245,243,243,243,243,243,243,243,243,245,247,245,245,245,247,245,245,245,247,247,249,249,249,249,249,249,249,249,249,249,249,249,249,249,249,249,247,247,247,249,249,247,247,245,245,245,245,245,245,245,245,245,245,245,245,245,245,245,247,245,243,243,243,243,243,243,243,240,240,236,232,228,222,220,216,214,214,211,211,207,205,197,191,185,178,174,172,153,135,0,0,0,0,0,0,0,0,0,0,0,0,0,0,0,0
0,0,0,0,0,0,0,0,0,170,191,211,216,222,220,220,205,191,185,180,187,195,207,220,228,234,230,224,216,207,207,207,214,220,224,230,226,224,216,209,203,197,197,197,205,216,224,234,234,234,226,220,209,201,189,178,172,166,176,187,193,199,199,201,199,197,193,191,178,166,160,153,162,172,180,191,193,197,195,193,187,180,170,162,162,164,172,180,187,191,201,211,218,226,224,222,222,222,220,218,216,214,205,197,195,195,191,189,187,187,189,193,199,205,209,214,214,214,209,205,201,195,189,182,180,176,168,162,155,149,155,164,168,172,176,182,191,201,207,216,222,228,230,232,234,234,236,238,236,236,234,230,224,216,207,197,189,178,168,155,149,141,143,143,147,153,155,160,168,174,185,195,199,203,209,216,220,224,224,222,222,222,220,220,218,218,214,211,207,205,203,203,205,207,211,218,218,218,216,211,211,211,211,211,209,209,209,209,207,207,207,207,209,211,214,216,214,214,211,211,220,228,230,232,226,220,207,197,191,187,185,185,182,180,180,180,180,180,180,180,180,182,180,180,180,180,180,182,180,180,180,180,180,180,182,187,195,205,218,230,236,243,245,247,245,245,245,243,243,243,245,247,245,245,245,247,245,245,247,247,247,247,247,247,247,249,249,249,247,247,249,251,249,249,249,249,249,249,249,251,249,249,249,249,249,249,249,247,247,245,247,249,247,247,247,245,245,247,245,245,245,245,245,245,243,243,243,243,240,240,238,238,238,238,234,230,224,220,216,211,209,207,207,205,203,201,195,189,182,178,174,170,149,0,0,0,0,0,0,0,0,0,0,0,0,0,0,0,0,0
0,0,0,0,0,0,0,0,0,158,182,207,214,220,218,216,201,187,182,178,182,187,199,211,222,230,230,228,222,214,214,216,220,224,228,230,226,222,214,205,195,185,185,187,197,209,218,228,228,228,222,214,203,195,185,176,170,164,172,182,189,195,197,199,195,193,189,185,174,164,155,149,155,162,172,180,182,187,185,185,178,172,162,151,155,160,170,180,185,191,195,201,207,214,216,216,216,216,214,211,209,207,199,193,191,189,185,182,180,180,182,185,189,195,199,205,209,214,211,211,207,203,195,187,180,176,170,164,155,149,155,164,168,172,178,182,191,199,205,211,218,224,226,230,232,234,236,238,236,236,232,228,220,211,203,195,189,182,174,168,162,155,155,155,158,162,166,170,176,180,189,195,199,203,207,214,218,224,224,224,224,222,220,218,218,218,216,214,209,205,205,205,205,207,211,216,216,216,214,211,211,211,211,211,209,207,209,209,207,205,207,207,209,209,209,209,211,214,216,218,224,232,230,228,220,211,201,191,185,176,178,178,180,180,180,180,180,180,180,180,180,180,180,180,180,180,182,182,182,182,180,180,180,180,182,185,195,203,216,228,234,240,243,245,243,243,243,243,243,243,245,247,247,245,245,247,245,245,245,247,247,247,249,249,249,249,249,249,247,247,249,249,249,249,249,249,249,249,249,251,249,249,249,249,249,249,247,247,247,245,247,249,247,247,245,243,245,245,245,245,245,245,243,240,240,238,238,238,236,236,234,234,234,234,230,228,222,218,214,209,207,203,201,199,197,195,191,185,180,176,170,164,143,0,0,0,0,0,0,0,0,0,0,0,0,0,0,0,0,0
0,0,0,0,0,0,0,0,0,147,176,205,209,216,214,211,197,185,180,174,176,180,193,205,216,226,230,232,228,222,222,224,226,230,230,232,226,220,209,199,187,174,174,176,189,201,211,224,224,224,216,207,199,191,182,174,168,162,170,178,185,189,193,197,193,189,185,180,170,160,151,143,149,153,162,170,174,178,176,176,170,164,153,143,147,153,168,182,185,189,191,193,199,203,207,211,209,209,207,205,203,201,195,189,185,182,180,176,176,174,176,176,180,185,191,197,205,214,216,220,214,209,199,191,182,176,170,166,158,151,158,164,168,174,178,182,191,197,203,209,214,220,224,228,230,234,236,238,236,236,232,228,218,209,201,193,189,187,182,178,174,170,168,168,170,172,176,180,185,189,193,197,199,203,207,211,218,222,224,226,224,224,220,218,218,220,218,216,211,207,207,207,207,207,211,216,214,214,211,209,209,211,211,211,209,207,209,211,207,205,207,207,209,209,207,203,207,214,218,224,230,234,230,224,216,205,195,185,176,168,170,174,176,180,180,182,180,180,180,180,180,180,180,180,180,182,182,182,182,185,182,182,182,182,182,185,193,203,214,226,232,238,240,243,240,240,243,243,243,245,247,249,247,247,247,247,245,245,245,247,247,247,249,251,251,251,249,249,249,249,249,249,249,251,251,251,251,251,251,251,249,249,249,249,247,247,247,249,247,247,247,249,247,247,245,243,243,243,243,245,243,243,240,238,236,236,234,234,232,232,232,232,232,232,228,226,220,216,211,207,203,201,197,195,191,189,187,182,180,176,168,160,137,0,0,0,0,0,0,0,0,0,0,0,0,0,0,0,0,0
0,0,0,0,0,0,0,0,0,0,162,199,205,211,207,205,195,185,178,174,174,176,185,195,207,220,226,232,230,228,228,228,230,230,230,230,226,220,209,197,182,168,168,170,185,199,209,220,218,218,209,201,193,185,180,176,172,170,174,178,178,178,180,185,182,180,178,176,170,166,162,158,160,162,166,168,170,172,172,170,166,162,155,147,151,153,166,176,182,187,189,191,193,197,201,203,205,205,203,201,199,197,191,187,185,182,178,174,172,168,170,170,174,178,185,191,197,205,209,214,211,209,201,193,185,176,172,166,158,149,153,158,166,172,176,178,185,191,197,205,211,220,224,228,230,234,234,236,234,232,228,224,214,205,197,191,189,189,187,185,182,182,182,182,185,187,187,189,191,193,195,199,201,203,207,211,216,220,222,224,224,222,220,218,218,220,218,218,214,209,209,207,209,209,211,214,211,209,209,209,209,211,211,209,209,207,209,211,209,205,207,209,205,201,197,191,201,214,220,228,230,232,222,211,205,197,189,180,170,160,164,168,174,180,182,185,182,182,182,180,180,180,180,182,182,182,182,182,182,182,182,182,182,185,187,191,199,209,218,226,232,236,238,238,238,240,240,243,245,247,247,249,249,247,247,247,247,245,245,247,247,247,249,251,251,251,249,249,249,249,249,249,249,251,251,251,251,251,251,249,249,249,249,249,247,247,247,249,247,247,247,247,247,247,247,245,243,243,240,238,234,230,228,224,222,222,222,222,224,226,228,230,230,230,226,224,220,214,209,205,203,199,195,193,189,187,182,180,176,172,162,151,0,0,0,0,0,0,0,0,0,0,0,0,0,0,0,0,0,0
0,0,0,0,0,0,0,0,0,0,149,193,199,207,203,199,191,182,178,176,174,172,178,187,201,216,224,232,232,234,234,234,234,232,232,230,226,220,207,197,178,162,162,164,180,197,205,216,214,211,203,193,187,180,180,178,178,180,178,178,174,168,170,172,172,174,172,170,172,174,174,174,172,172,168,166,166,166,166,166,164,162,158,153,153,153,162,172,178,187,187,189,189,191,193,197,199,203,201,199,195,193,189,187,182,180,176,172,168,164,164,164,170,174,180,185,191,197,203,207,207,207,201,195,187,178,172,168,158,147,149,153,162,172,172,174,180,187,193,201,211,222,224,228,230,232,234,234,232,230,226,220,209,201,195,189,189,191,191,193,193,193,197,199,201,201,199,197,197,197,199,201,203,205,207,209,214,220,222,224,222,222,220,218,218,220,220,220,216,214,211,209,211,214,214,214,211,207,207,207,211,214,211,209,209,209,209,211,209,207,209,211,203,195,187,180,197,214,224,234,232,230,214,199,195,189,182,178,164,151,158,164,172,180,182,187,185,185,182,182,180,180,182,182,182,182,182,182,182,182,182,182,185,187,193,197,205,216,222,228,232,236,236,236,238,238,240,240,245,249,249,251,251,249,249,247,247,247,247,247,247,247,249,249,249,251,249,249,249,249,249,251,251,251,251,251,251,253,251,249,249,247,249,249,247,247,247,249,247,247,247,247,247,249,249,249,245,240,236,232,226,220,216,211,209,207,207,209,214,220,224,228,228,228,226,224,218,214,209,205,201,199,195,191,187,182,180,178,172,168,155,145,0,0,0,0,0,0,0,0,0,0,0,0,0,0,0,0,0,0
0,0,0,0,0,0,0,0,0,0,0,172,185,197,195,195,189,185,182,180,178,178,180,185,195,207,218,228,230,234,234,236,234,232,232,230,226,222,209,197,178,162,162,164,178,195,201,209,207,205,197,191,187,180,182,185,187,189,185,182,174,164,160,155,158,162,166,170,174,178,178,180,180,180,178,176,176,176,176,174,174,172,170,168,166,162,166,168,172,176,180,185,187,189,191,193,195,197,197,197,195,193,189,187,182,180,178,176,170,164,162,160,164,168,174,180,187,191,195,201,203,205,201,195,187,178,174,170,158,145,145,145,155,166,170,172,178,185,193,201,211,222,224,228,230,230,232,234,232,230,224,216,207,197,191,187,187,187,189,193,195,199,203,207,207,207,205,203,201,201,203,203,205,207,209,211,214,218,220,222,222,222,220,220,220,220,218,218,216,216,214,214,214,214,209,207,203,199,203,205,209,214,209,207,207,207,209,211,207,205,207,209,199,191,185,180,199,218,226,236,230,226,209,195,191,189,185,182,172,162,166,170,176,182,182,185,185,185,182,182,182,182,182,182,182,182,182,182,182,182,185,185,189,193,199,207,214,222,226,232,234,236,236,236,238,238,240,240,245,247,249,249,249,247,247,247,245,245,245,247,247,249,249,249,249,249,249,249,249,249,251,251,251,251,251,251,251,253,251,249,249,249,249,249,249,247,247,249,247,247,245,245,245,245,243,240,234,228,222,216,209,203,201,197,195,195,197,201,205,211,218,224,224,226,224,222,218,214,207,203,201,197,193,189,187,182,178,176,170,164,149,133,0,0,0,0,0,0,0,0,0,0,0,0,0,0,0,0,0,0
0,0,0,0,0,0,0,0,0,0,0,153,170,187,189,189,187,185,185,185,185,185,182,182,191,199,211,224,228,234,236,236,234,234,232,232,226,222,211,199,180,162,164,166,178,191,197,203,201,199,193,189,185,182,187,191,193,197,191,187,174,162,149,139,145,151,160,170,176,182,185,189,189,191,189,187,187,187,185,185,182,182,182,185,178,172,168,166,166,166,172,180,185,189,189,189,191,193,193,195,195,193,189,187,185,182,180,180,172,166,160,153,158,162,168,176,180,187,189,193,199,203,199,195,187,178,176,174,160,145,141,137,149,162,166,170,176,185,193,201,211,222,226,230,230,230,232,234,232,230,222,214,203,193,189,182,182,185,189,193,197,203,209,214,214,214,209,207,207,207,207,207,207,209,209,211,214,216,218,218,220,222,222,222,220,220,218,218,218,218,216,216,216,216,207,199,195,191,197,205,209,214,209,207,207,207,207,209,207,203,205,207,197,187,182,180,203,224,230,238,230,224,205,189,189,189,189,189,180,172,174,176,180,182,185,185,185,185,182,182,182,182,182,185,182,182,182,182,182,185,185,187,193,199,207,216,222,230,232,234,236,238,238,238,238,238,240,240,243,247,247,249,247,247,245,245,245,245,245,247,249,249,249,247,247,247,249,251,251,251,251,253,251,251,251,253,253,253,251,249,249,249,249,251,249,249,249,249,247,247,245,245,245,243,238,232,224,216,207,201,195,189,187,182,182,185,187,191,197,203,211,220,222,226,224,222,218,214,207,203,199,197,193,189,185,182,178,176,168,160,141,0,0,0,0,0,0,0,0,0,0,0,0,0,0,0,0,0,0,0
0,0,0,0,0,0,0,0,0,0,0,0,147,170,176,180,185,187,189,191,193,193,191,191,195,199,209,220,226,232,234,238,236,234,232,232,226,220,209,197,178,158,158,160,174,189,195,201,197,195,191,185,182,182,187,193,197,201,195,191,176,164,149,135,139,143,155,168,176,185,189,193,193,195,193,191,191,191,191,189,187,187,187,189,182,178,174,172,168,164,168,172,178,185,185,187,189,189,191,191,189,189,187,185,182,180,180,180,174,168,162,153,153,155,162,170,176,182,187,191,195,201,197,193,185,176,174,172,160,147,139,133,145,158,164,168,176,182,193,201,211,220,224,230,228,228,230,232,230,228,218,209,199,189,185,180,182,185,191,195,201,207,214,218,218,218,214,211,209,209,209,209,209,209,211,211,214,216,216,218,220,222,222,224,222,222,222,222,222,220,218,218,214,209,199,189,187,185,193,203,207,211,209,207,207,207,203,201,197,193,197,203,199,193,195,197,214,230,232,234,226,218,205,191,191,191,189,189,185,180,180,182,182,185,185,185,185,185,182,182,182,182,182,182,182,182,182,182,185,187,191,195,203,211,218,224,228,232,234,236,236,238,236,236,236,238,238,240,243,245,245,247,247,245,245,245,245,243,245,245,247,249,247,245,245,245,247,249,249,251,251,253,253,251,251,251,251,251,251,249,249,249,249,249,249,249,249,249,247,247,245,243,236,230,224,216,207,201,195,189,182,178,176,174,176,176,182,187,191,197,205,214,218,222,222,220,216,211,205,201,197,195,189,185,182,180,178,174,164,151,0,0,0,0,0,0,0,0,0,0,0,0,0,0,0,0,0,0,0,0
0,0,0,0,0,0,0,0,0,0,0,0,0,153,164,174,180,189,193,197,199,203,201,197,199,201,209,218,224,230,234,238,236,236,234,232,224,218,207,197,174,153,153,153,170,187,193,199,195,191,187,182,182,182,189,197,201,205,199,195,180,168,149,131,133,137,153,168,178,187,191,197,197,197,197,197,197,197,195,195,193,191,191,193,189,185,180,178,170,164,164,164,172,180,182,187,187,187,187,187,185,185,185,185,182,180,180,180,176,172,164,155,151,149,155,164,172,180,185,189,193,197,195,193,185,176,174,172,160,147,139,129,141,153,160,168,176,182,193,203,211,220,224,230,228,228,228,230,228,226,216,207,195,185,180,176,180,185,193,199,205,214,218,224,222,222,220,216,214,211,211,211,211,211,211,214,214,216,216,218,220,222,224,224,226,226,226,226,224,224,222,218,211,203,191,180,180,180,191,201,205,209,209,209,207,207,201,195,187,180,191,199,201,201,207,214,224,236,234,232,222,214,203,193,193,193,191,191,189,189,187,187,187,187,187,187,185,185,182,182,182,182,182,182,182,185,185,185,187,189,195,203,214,222,228,234,234,236,236,236,236,236,234,234,236,238,238,238,240,243,243,245,245,245,245,247,245,243,243,245,245,247,245,243,243,245,245,247,249,249,251,253,253,253,251,251,251,249,249,251,249,249,249,249,249,249,249,249,247,247,243,240,230,220,209,199,193,187,182,176,172,168,166,166,168,170,176,182,187,191,199,207,214,220,218,218,214,209,203,199,195,191,187,182,180,180,176,174,160,145,0,0,0,0,0,0,0,0,0,0,0,0,0,0,0,0,0,0,0,0
0,0,0,0,0,0,0,0,0,0,0,0,0,135,149,166,178,189,195,201,203,207,205,203,205,205,209,216,222,228,232,238,234,232,228,226,218,209,197,185,164,143,139,137,153,170,178,187,185,185,182,180,182,185,193,201,207,211,205,199,185,172,153,135,135,137,153,168,178,189,195,201,201,201,203,203,203,201,201,199,197,197,195,195,191,187,185,182,176,168,162,158,164,170,176,182,185,185,185,182,182,182,180,180,180,178,180,180,176,174,166,158,151,145,151,158,168,178,182,187,189,193,191,191,185,176,174,172,162,151,141,131,139,149,160,168,174,182,193,203,211,220,226,230,230,230,228,228,222,218,207,197,189,180,178,176,180,182,191,199,207,218,222,228,228,226,224,220,220,218,216,216,214,214,214,216,216,216,218,218,220,224,224,226,226,226,224,224,224,224,218,214,205,199,191,185,185,187,193,201,205,209,209,209,205,203,193,182,180,176,189,201,205,209,214,220,226,230,226,222,214,205,199,191,191,191,191,189,189,187,187,187,187,187,187,187,187,187,185,182,182,182,180,180,182,185,187,189,193,197,207,216,222,228,230,234,234,234,234,232,232,232,232,230,232,234,236,236,238,240,243,243,243,243,245,245,245,245,245,245,245,245,243,240,240,240,243,245,247,251,251,253,253,253,253,251,251,249,249,249,249,249,249,247,247,249,249,249,247,245,236,230,218,205,197,189,185,180,174,170,164,160,160,160,162,166,172,178,182,187,195,205,209,216,214,214,209,205,199,195,191,187,182,180,178,178,172,166,147,0,0,0,0,0,0,0,0,0,0,0,0,0,0,0,0,0,0,0,0,0
0,0,0,0,0,0,0,0,0,0,0,0,0,0,137,160,174,191,197,205,209,214,211,211,209,209,211,214,220,226,232,238,232,228,224,220,211,203,189,174,153,133,126,120,137,153,164,174,174,176,178,178,182,187,197,207,211,218,211,205,191,176,158,139,137,137,153,170,180,191,199,205,205,207,207,209,209,207,207,205,203,201,199,197,193,191,189,189,180,174,162,151,155,160,168,178,180,185,182,180,178,178,178,178,178,178,178,180,178,174,168,160,151,143,147,151,164,176,178,182,185,189,189,191,185,178,176,172,164,155,143,131,139,147,158,168,174,180,193,203,214,222,226,232,230,230,228,228,218,209,199,189,182,178,178,178,178,180,191,201,211,222,228,234,232,232,228,226,224,224,222,220,218,216,216,218,218,218,218,220,222,224,226,226,226,226,224,222,222,224,216,209,201,195,191,189,191,193,197,201,205,207,209,211,205,199,185,172,172,172,187,201,209,216,222,228,226,226,218,211,203,197,193,191,191,191,189,189,189,187,187,185,185,187,187,187,187,187,185,185,182,180,180,178,182,185,189,195,201,207,218,228,230,234,234,234,234,232,230,230,230,230,228,228,230,232,234,236,236,238,240,243,243,243,243,245,245,247,247,247,245,243,240,238,238,238,240,245,247,251,253,253,253,255,253,253,251,249,249,249,249,249,247,247,247,247,247,249,245,243,230,220,205,191,185,178,174,172,168,164,158,153,153,153,155,160,166,174,178,185,193,201,205,211,211,211,205,199,195,191,185,180,178,178,178,178,168,158,135,0,0,0,0,0,0,0,0,0,0,0,0,0,0,0,0,0,0,0,0,0
0,0,0,0,0,0,0,0,0,0,0,0,0,0,0,158,174,191,199,207,211,218,218,218,218,216,218,218,222,226,230,234,228,224,218,209,201,193,180,168,155,143,137,133,141,151,155,162,164,166,170,174,182,191,201,211,218,222,214,207,193,178,162,147,147,145,160,176,185,195,199,205,207,209,211,216,216,216,216,216,214,211,207,205,199,195,191,189,182,176,162,145,141,135,147,160,166,172,172,174,176,178,178,180,178,178,178,180,178,176,170,164,155,147,145,145,158,168,174,180,182,185,187,187,185,180,176,172,164,155,143,133,139,147,158,170,174,180,193,205,216,224,228,232,230,230,226,222,211,199,191,182,182,180,180,180,180,178,187,197,207,220,228,234,234,232,230,228,228,226,224,222,220,218,218,220,218,218,218,220,220,220,220,220,220,218,218,218,218,220,214,209,205,201,199,199,199,201,203,205,207,209,209,211,205,199,191,182,182,182,193,203,209,216,218,220,216,211,207,203,195,189,189,187,189,191,191,191,189,189,187,185,185,182,182,182,185,187,185,185,185,182,182,182,189,193,199,205,211,218,226,232,234,236,234,234,232,228,226,224,224,224,222,222,224,228,230,232,234,236,236,238,238,240,243,245,245,247,247,247,245,243,240,238,238,236,240,243,247,251,251,251,251,253,253,251,251,249,249,247,249,249,249,247,247,245,245,247,240,236,222,207,195,182,178,172,170,166,162,158,155,153,153,153,155,158,164,170,176,182,189,195,201,207,207,207,201,195,191,187,182,176,176,176,174,170,155,139,0,0,0,0,0,0,0,0,0,0,0,0,0,0,0,0,0,0,0,0,0,0
0,0,0,0,0,0,0,0,0,0,0,0,0,0,0,158,174,191,201,211,216,222,224,226,224,224,222,222,226,228,230,232,226,220,211,201,193,185,174,164,158,151,149,147,147,149,149,149,151,153,162,172,182,195,205,218,222,226,218,209,195,180,168,155,155,155,168,182,191,197,201,207,209,214,218,220,222,224,224,226,222,220,216,214,205,199,195,191,185,180,160,139,126,0,126,139,149,160,164,170,174,178,180,182,180,180,180,180,178,176,172,170,160,151,145,139,151,162,170,178,180,182,182,185,185,185,178,174,164,155,145,133,141,149,160,170,176,180,195,207,218,228,230,232,230,228,222,216,203,191,185,178,180,185,185,185,180,176,185,193,205,220,228,236,234,234,232,230,230,230,228,224,222,220,222,222,220,218,218,218,216,214,214,214,211,211,211,214,214,216,211,209,209,209,209,209,207,207,207,207,209,211,211,211,205,201,195,191,193,195,199,205,209,214,214,211,205,199,197,193,189,182,185,185,189,191,193,193,191,191,189,187,182,180,180,178,182,185,187,187,187,185,187,187,195,203,209,218,224,230,234,238,236,236,234,234,230,226,222,220,218,218,218,218,220,224,226,228,230,234,234,236,236,238,240,245,245,247,247,249,245,243,240,238,236,236,238,243,245,249,249,249,251,251,251,251,251,251,249,247,249,251,249,247,245,245,245,245,236,230,211,195,185,176,172,168,164,160,155,151,151,153,153,153,155,158,162,168,174,180,185,191,197,205,205,205,199,193,187,182,178,174,174,176,168,162,143,0,0,0,0,0,0,0,0,0,0,0,0,0,0,0,0,0,0,0,0,0,0,0
0,0,0,0,0,0,0,0,0,0,0,0,0,0,0,155,172,191,201,214,218,224,226,228,228,228,226,226,228,232,230,230,220,211,203,193,187,180,174,168,168,168,168,168,166,166,162,158,155,153,164,172,185,197,209,222,226,230,222,211,197,182,174,164,166,168,178,191,195,201,205,209,214,218,220,224,226,230,230,230,228,226,222,220,211,205,197,189,185,180,160,139,124,0,0,129,137,145,153,162,166,172,176,180,178,178,178,176,176,176,172,170,164,155,147,139,147,155,164,174,176,180,180,182,182,180,176,172,164,155,145,135,143,151,160,170,176,182,195,209,220,228,230,230,226,222,214,205,193,182,180,180,182,185,185,182,180,178,187,197,209,222,230,236,236,236,234,232,232,232,230,228,224,222,222,222,220,218,216,216,211,209,207,207,207,209,211,214,218,220,218,214,214,211,211,209,207,207,207,205,207,207,207,207,203,199,197,195,195,195,199,201,203,205,199,193,191,187,187,189,180,172,174,174,182,191,191,191,191,191,189,187,185,180,180,180,185,187,189,191,191,193,195,199,207,214,220,226,228,232,234,236,234,234,232,230,224,220,216,211,207,205,205,205,211,216,220,224,228,230,232,234,236,238,240,245,245,247,247,247,243,240,238,236,236,234,238,240,245,249,249,251,251,251,251,251,251,251,249,249,249,251,249,247,247,245,245,245,234,224,205,189,180,170,166,162,158,155,153,153,155,158,155,155,158,158,162,166,170,176,182,187,195,203,203,203,197,191,185,180,176,170,168,166,153,139,0,0,0,0,0,0,0,0,0,0,0,0,0,0,0,0,0,0,0,0,0,0,0,0
0,0,0,0,0,0,0,0,0,0,0,0,0,0,0,151,170,191,203,216,222,228,230,232,232,232,230,230,232,236,232,228,216,205,195,185,180,178,176,174,178,185,187,189,185,182,174,166,160,155,164,172,187,201,214,228,232,236,226,216,199,185,178,172,176,180,189,199,201,203,207,214,218,222,224,228,232,236,236,236,234,232,228,226,218,209,199,189,185,180,160,139,122,0,0,120,126,133,143,151,160,166,172,178,176,176,176,174,174,174,174,172,166,162,149,139,143,147,158,170,174,178,178,180,178,178,174,170,162,155,147,139,145,151,160,170,176,182,197,214,222,230,230,230,224,218,205,193,185,176,178,180,185,187,185,182,182,182,191,201,214,226,232,238,238,238,236,234,234,232,232,230,226,224,222,220,218,218,216,214,209,205,203,203,205,207,211,216,220,224,222,220,218,216,214,211,209,207,205,205,205,205,203,203,201,199,199,199,197,197,197,199,199,197,187,176,174,174,178,182,172,162,164,164,176,189,189,191,191,191,189,187,185,182,182,182,187,191,193,195,197,199,205,211,218,226,230,232,232,234,234,234,232,232,228,226,220,214,207,201,197,193,195,195,201,209,216,222,224,228,230,234,236,238,240,245,245,247,245,245,243,240,236,234,234,234,236,240,245,249,249,251,251,251,251,251,251,251,251,249,251,253,249,247,247,247,247,245,230,218,201,185,174,166,160,155,151,149,151,155,158,162,160,160,160,158,160,164,168,174,178,185,191,199,201,201,195,191,185,178,172,168,162,155,137,0,0,0,0,0,0,0,0,0,0,0,0,0,0,0,0,0,0,0,0,0,0,0,0,0
0,0,0,0,0,0,0,0,0,0,0,0,0,0,0,145,168,193,203,214,218,224,226,230,230,232,232,230,234,236,232,226,211,199,189,178,178,178,180,182,187,193,193,195,193,191,185,180,174,170,178,185,197,209,220,232,234,238,228,220,203,189,182,178,182,187,195,205,209,214,216,220,224,228,230,234,236,238,238,236,234,234,232,230,222,216,203,189,185,178,164,147,137,126,133,139,141,145,149,153,158,162,166,170,170,172,172,172,172,174,172,172,166,162,153,143,145,147,155,166,170,176,178,178,178,176,174,170,164,158,151,143,147,153,160,168,174,182,197,211,220,228,228,226,218,209,197,185,180,176,178,182,182,182,180,176,178,180,193,207,218,228,232,236,236,238,236,236,234,234,234,232,228,226,224,222,220,220,216,214,211,209,209,209,214,216,218,220,224,226,222,220,218,214,211,207,205,201,199,197,197,197,197,197,195,193,193,193,193,193,195,197,195,191,182,174,176,178,182,187,176,168,170,172,180,191,189,187,187,187,189,189,189,189,189,191,195,199,201,203,205,209,214,220,224,230,230,232,232,232,232,230,230,228,224,220,211,203,197,191,187,185,185,187,193,199,205,214,218,224,228,232,236,238,240,243,245,245,245,245,243,240,238,236,234,234,238,240,245,249,249,249,251,251,251,251,251,251,249,249,251,253,249,247,249,249,247,245,230,216,199,182,170,160,151,143,143,141,147,151,155,160,162,162,160,160,160,162,168,172,178,182,189,195,197,199,195,189,182,176,170,164,153,143,0,0,0,0,0,0,0,0,0,0,0,0,0,0,0,0,0,0,0,0,0,0,0,0,0,0
0,0,0,0,0,0,0,0,0,0,0,0,0,0,0,139,166,195,203,211,216,222,224,228,230,232,232,232,236,238,232,224,207,193,182,174,176,180,187,193,197,201,201,203,201,201,197,195,191,187,191,197,207,218,226,236,238,240,232,224,207,191,187,182,189,195,203,211,216,222,224,228,232,236,238,240,240,240,238,238,236,236,234,234,228,222,205,191,185,178,168,158,153,149,153,158,158,160,158,158,155,155,160,164,164,166,168,170,170,172,172,170,168,164,158,149,149,147,155,162,168,174,176,178,176,176,172,170,166,162,153,147,151,155,162,166,174,182,197,211,220,228,224,222,211,203,191,178,176,174,178,182,180,180,174,170,174,180,197,214,222,230,232,236,236,238,236,236,236,236,236,234,230,228,226,224,222,222,218,216,216,214,216,218,222,224,224,226,226,228,224,222,218,214,209,205,201,197,193,189,189,189,189,191,189,187,187,185,187,189,191,195,191,187,178,172,178,182,187,189,182,174,176,178,187,193,189,182,185,185,189,191,193,195,197,201,203,207,209,214,216,220,224,228,230,232,232,232,230,230,230,228,226,224,218,214,201,191,185,178,176,176,176,176,182,189,197,205,211,220,226,232,234,238,240,243,243,245,245,245,243,240,238,238,236,236,238,240,245,249,249,249,249,251,251,251,251,249,249,249,251,253,251,249,251,251,247,243,228,214,197,182,166,151,143,133,133,135,141,147,153,160,162,164,162,162,162,162,166,172,176,182,187,193,195,197,193,189,182,176,168,162,145,0,0,0,0,0,0,0,0,0,0,0,0,0,0,0,0,0,0,0,0,0,0,0,0,0,0,0
0,0,0,0,0,0,0,0,0,0,0,0,0,0,0,0,155,189,197,205,209,216,218,222,226,230,232,234,236,238,230,224,207,193,182,174,178,180,189,195,201,207,211,214,214,211,209,205,203,199,203,207,216,224,232,238,240,240,234,230,216,203,199,195,199,205,214,222,226,230,232,234,236,238,240,240,240,240,240,240,238,236,234,234,230,226,214,199,191,180,174,166,166,166,168,170,170,170,168,166,164,160,160,162,162,162,164,166,168,170,170,170,168,166,162,158,155,155,158,160,164,168,170,174,174,176,174,172,168,162,155,149,153,158,162,166,176,185,199,214,220,226,220,216,203,193,182,174,174,174,176,178,176,174,170,168,174,180,195,211,218,226,226,226,228,230,232,234,236,238,236,236,232,230,228,226,226,224,222,220,220,220,220,220,222,224,224,226,224,224,222,218,211,207,203,199,197,193,189,187,187,187,187,189,187,187,185,182,185,187,189,191,187,180,176,174,178,182,185,187,185,180,182,182,187,193,187,182,185,187,193,199,201,205,207,209,211,214,216,220,222,224,226,228,228,228,228,228,230,230,228,226,222,216,209,201,193,182,178,174,172,172,172,174,178,182,187,193,201,209,218,226,230,236,238,243,243,245,245,245,243,240,238,238,238,238,240,243,245,249,249,249,249,251,251,251,251,251,249,249,249,251,249,249,249,251,247,243,228,216,199,182,166,151,141,131,131,131,137,143,147,151,153,155,158,160,158,158,164,168,174,180,185,189,191,195,191,189,182,178,170,162,143,0,0,0,0,0,0,0,0,0,0,0,0,0,0,0,0,0,0,0,0,0,0,0,0,0,0,0
0,0,0,0,0,0,0,0,0,0,0,0,0,0,0,0,143,185,193,201,205,209,214,216,222,226,232,236,236,238,230,222,207,193,185,176,178,182,191,199,207,216,220,226,224,224,220,216,214,214,216,220,226,232,236,243,243,243,238,236,224,214,209,205,211,218,224,232,236,240,240,240,240,243,243,243,243,243,243,243,240,238,236,234,232,232,220,209,197,185,180,176,178,182,182,182,180,180,178,176,170,164,162,160,160,160,160,162,164,168,170,170,170,170,168,166,164,162,160,160,160,162,166,170,174,176,174,174,168,164,158,151,155,162,164,168,176,187,201,216,220,224,216,209,195,182,176,170,172,176,174,174,172,170,168,166,172,180,195,209,216,222,220,216,218,222,228,234,236,240,238,238,234,232,230,230,228,228,226,224,224,224,224,222,224,226,226,226,224,222,218,214,207,201,197,195,193,191,187,185,185,185,185,187,185,185,182,180,182,185,187,189,182,174,176,176,180,185,185,187,187,187,187,187,189,193,187,182,187,189,199,207,211,216,218,220,220,222,224,226,226,228,228,228,226,226,226,226,228,230,226,224,216,207,199,191,182,174,172,170,168,168,170,172,174,176,178,182,191,201,209,220,226,232,236,240,243,245,245,247,243,240,240,238,238,240,240,243,245,249,249,249,249,251,251,253,251,251,251,249,249,249,249,249,249,251,247,243,230,218,201,182,166,149,139,129,129,129,133,137,139,141,145,149,153,158,155,155,160,166,170,176,180,185,187,191,191,189,185,180,170,162,141,0,0,0,0,0,0,0,0,0,0,0,0,0,0,0,0,0,0,0,0,0,0,0,0,0,0,0
0,0,0,0,0,0,0,0,0,0,0,0,0,0,0,0,0,168,182,197,201,205,207,209,216,220,228,234,236,236,228,222,207,195,187,178,180,185,193,201,211,222,228,232,232,232,228,226,224,224,224,226,230,234,236,240,240,240,238,238,230,224,222,220,224,228,232,238,240,243,243,243,243,245,243,243,243,240,240,240,240,238,238,236,236,234,226,220,209,199,195,191,193,193,193,193,191,189,185,182,176,170,168,164,164,162,162,164,166,168,168,170,170,172,172,172,170,168,164,162,160,158,162,164,168,172,172,170,166,162,158,151,158,162,166,170,178,189,203,218,222,224,214,205,191,178,174,170,170,172,172,172,170,168,168,170,176,182,195,209,211,216,211,207,209,214,220,228,232,238,238,238,236,234,232,232,230,230,228,226,226,226,226,224,226,226,224,222,220,216,211,207,201,195,193,191,191,189,187,185,185,185,185,187,187,187,185,182,182,185,185,187,178,170,170,168,172,174,178,185,185,185,185,182,189,195,195,193,195,199,207,216,216,218,220,220,220,220,220,220,220,220,220,220,222,224,226,228,226,226,222,218,207,199,191,185,178,172,168,162,160,158,164,168,170,172,176,180,187,193,201,209,218,228,234,238,240,243,245,245,243,240,240,240,240,240,240,243,245,247,249,249,249,249,251,251,251,251,251,249,249,249,249,249,249,249,247,245,234,224,205,189,172,158,147,135,135,135,137,139,139,139,141,143,145,147,147,147,153,160,166,174,176,180,185,189,187,187,182,180,172,164,143,0,0,0,0,0,0,0,0,0,0,0,0,0,0,0,0,0,0,0,0,0,0,0,0,0,0,0
0,0,0,0,0,0,0,0,0,0,0,0,0,0,0,0,0,151,172,195,199,203,203,203,209,216,224,234,234,234,228,222,209,197,189,180,182,187,195,203,216,230,234,240,240,240,238,236,234,234,234,234,236,238,238,238,238,238,238,240,238,236,236,236,236,238,240,243,243,245,245,247,245,245,245,245,243,240,238,238,240,240,238,238,238,238,234,230,222,214,209,207,205,205,203,201,199,197,193,189,182,176,174,170,168,166,166,166,166,166,168,170,172,174,176,178,176,174,168,164,160,155,158,160,164,168,168,168,164,162,158,153,158,164,168,172,180,191,205,220,222,226,214,201,187,174,172,168,170,170,170,170,168,168,170,174,180,187,197,207,209,209,203,199,201,205,214,224,230,236,238,240,238,236,234,234,234,234,232,230,228,228,228,228,228,228,224,220,216,211,205,199,195,191,189,189,189,189,187,185,185,185,187,187,189,189,187,187,185,185,185,185,176,168,164,162,164,166,174,182,182,182,180,180,189,199,201,203,205,207,216,222,222,222,222,220,218,218,216,214,211,211,211,211,216,222,224,228,226,224,218,211,201,191,185,178,174,172,164,155,151,147,155,166,168,170,174,176,180,185,191,199,211,224,230,238,240,243,243,245,243,243,240,240,240,240,240,243,245,247,249,251,249,249,249,251,251,251,251,251,251,251,249,249,249,249,249,249,238,228,211,193,180,166,155,143,141,141,141,141,139,139,137,137,137,137,139,141,147,153,162,170,174,178,180,185,185,185,182,180,174,168,145,0,0,0,0,0,0,0,0,0,0,0,0,0,0,0,0,0,0,0,0,0,0,0,0,0,0,0
0,0,0,0,0,0,0,0,0,0,0,0,0,0,0,0,0,0,151,180,187,193,195,197,203,209,220,230,230,232,224,218,207,197,189,180,182,185,193,201,214,226,232,238,238,240,238,238,236,234,234,234,234,236,236,236,236,236,238,238,238,236,238,240,240,240,240,240,240,240,240,243,243,245,245,245,243,243,240,240,240,243,240,240,240,240,238,236,232,228,224,222,222,222,220,218,216,214,209,203,197,191,187,180,178,176,174,174,174,174,176,178,180,182,182,185,182,178,172,168,162,158,155,155,158,162,162,164,160,158,155,155,160,164,168,174,185,195,207,220,222,224,209,197,187,174,172,170,170,170,170,170,170,168,172,174,180,185,195,205,209,211,207,203,203,205,211,220,228,236,238,243,240,240,238,236,236,234,232,230,230,230,228,228,226,222,216,207,205,201,199,195,191,187,187,187,187,189,187,187,185,185,187,189,189,191,189,189,187,185,182,182,176,170,162,153,158,162,174,187,187,187,187,187,197,207,209,211,211,214,216,220,218,214,211,209,207,205,205,203,205,205,209,211,218,224,226,230,224,220,209,201,191,182,178,174,170,168,153,139,135,131,141,151,158,164,168,172,176,178,185,191,203,218,226,234,238,243,245,245,243,243,243,240,240,240,243,243,245,247,247,249,247,247,249,251,249,249,249,249,249,251,249,249,249,249,249,249,240,234,218,203,189,174,162,151,149,145,145,145,143,143,141,137,135,133,133,133,137,141,149,158,164,170,174,180,180,180,178,178,170,164,141,0,0,0,0,0,0,0,0,0,0,0,0,0,0,0,0,0,0,0,0,0,0,0,0,0,0,0
0,0,0,0,0,0,0,0,0,0,0,0,0,0,0,0,0,0,0,166,176,185,189,193,199,205,216,228,228,230,222,216,205,195,187,180,180,182,191,199,209,222,230,236,238,240,238,238,236,236,234,234,234,234,234,234,234,236,236,236,238,238,243,245,245,243,240,238,238,238,238,238,243,245,245,245,245,245,243,243,243,245,243,243,243,245,245,245,243,240,240,238,238,238,236,234,232,230,224,220,214,207,199,193,189,185,182,182,182,185,185,187,187,189,191,193,189,185,178,172,166,162,155,151,153,155,158,160,158,155,155,158,162,166,170,176,187,197,209,222,222,222,207,195,185,174,172,172,170,168,170,170,170,170,172,174,178,185,195,205,209,214,209,207,205,203,211,218,226,234,240,245,245,245,243,240,238,236,234,232,232,232,230,230,224,218,207,197,195,193,193,193,189,185,185,185,187,189,187,187,187,187,189,191,191,193,191,191,187,185,182,180,176,172,160,147,153,160,174,191,191,191,193,195,203,214,218,220,220,220,218,218,211,207,203,199,197,195,195,195,197,199,205,214,220,228,230,232,224,216,203,191,182,176,174,172,168,164,143,124,0,0,126,139,149,158,164,168,172,174,178,185,197,209,220,232,236,243,245,247,245,243,243,243,243,243,243,245,245,245,245,247,247,247,249,251,249,249,249,249,249,251,249,249,249,249,249,249,245,240,226,211,197,180,170,160,155,151,151,149,149,147,143,139,135,131,126,124,126,129,137,145,153,164,168,174,174,176,176,176,168,162,139,0,0,0,0,0,0,0,0,0,0,0,0,0,0,0,0,0,0,0,0,0,0,0,0,0,0,0
0,0,0,0,0,0,0,0,0,0,0,0,0,0,0,0,0,0,0,0,153,170,178,187,195,203,214,224,226,230,222,216,203,191,182,174,174,176,185,193,205,220,228,236,238,243,240,238,236,234,232,232,232,232,232,232,234,236,236,236,238,238,240,245,243,243,240,240,238,238,238,238,240,245,245,245,245,245,245,243,243,243,243,243,243,243,245,245,245,245,245,243,243,243,240,238,238,238,234,230,226,222,216,209,205,201,201,199,199,201,201,203,205,207,207,207,201,197,189,180,174,168,164,158,158,158,158,158,155,155,155,158,162,166,172,178,191,203,211,220,218,214,203,193,185,174,172,168,168,166,168,170,172,172,174,174,178,180,189,197,201,203,201,199,197,195,201,207,218,228,234,240,243,243,243,240,238,234,232,232,232,232,228,226,218,209,201,193,191,191,191,193,191,189,189,189,191,193,195,195,195,195,195,197,195,195,195,193,189,185,182,182,178,176,168,160,166,172,182,195,195,197,199,201,205,209,211,211,211,211,209,207,203,201,199,197,195,195,195,197,203,207,214,220,224,228,228,226,216,207,195,182,176,172,170,168,158,145,126,0,0,0,0,129,137,147,153,160,166,170,176,182,193,205,216,228,234,240,243,245,245,243,243,245,243,243,245,247,247,247,247,247,247,247,249,251,249,249,249,249,249,249,249,249,249,251,249,249,247,245,232,222,205,189,178,168,162,155,153,151,151,153,149,145,141,135,131,124,0,0,124,129,137,145,151,160,164,166,168,168,158,149,0,0,0,0,0,0,0,0,0,0,0,0,0,0,0,0,0,0,0,0,0,0,0,0,0,0,0,0
0,0,0,0,0,0,0,0,0,0,0,0,0,0,0,0,0,0,0,0,0,155,168,180,191,201,211,222,226,230,222,216,201,187,178,168,168,170,178,189,203,216,226,238,240,245,243,240,236,232,230,228,228,230,230,230,232,234,236,238,238,240,240,243,243,243,243,243,240,238,238,238,240,245,245,247,245,245,245,245,243,243,240,240,240,243,245,247,247,249,249,249,247,247,245,243,245,247,243,240,240,238,232,228,224,220,218,218,218,218,220,222,222,224,224,224,216,209,199,191,185,176,170,164,162,160,158,155,155,158,158,158,162,168,174,180,193,207,214,220,214,207,199,193,182,174,170,166,164,164,166,170,172,174,174,176,176,178,185,191,193,195,193,193,189,187,193,199,211,224,230,238,240,243,243,243,238,234,232,232,232,232,226,222,211,203,195,187,187,187,191,195,195,195,193,193,195,199,201,203,203,203,203,203,201,199,197,195,191,187,185,182,182,182,176,172,178,185,191,199,201,203,205,207,205,205,205,205,203,201,199,197,197,197,195,195,193,193,197,201,207,216,220,226,228,230,226,222,209,199,187,174,172,170,166,164,145,129,0,0,0,0,0,0,126,135,143,151,160,168,174,180,191,201,211,224,230,238,243,245,245,245,245,247,245,245,247,249,249,249,247,247,247,249,249,251,249,249,249,249,249,249,249,251,251,251,249,249,249,249,238,230,214,197,187,174,166,160,158,155,155,158,155,151,145,141,133,126,0,0,0,0,0,126,135,145,151,158,160,160,147,137,0,0,0,0,0,0,0,0,0,0,0,0,0,0,0,0,0,0,0,0,0,0,0,0,0,0,0,0
0,0,0,0,0,0,0,0,0,0,0,0,0,0,0,0,0,0,0,0,0,0,155,174,187,199,211,222,226,230,224,216,199,185,174,164,166,170,180,191,203,218,228,238,240,243,240,240,236,234,230,228,228,228,230,230,232,234,236,236,238,238,240,240,240,240,240,243,240,240,238,238,238,240,240,240,240,243,243,243,243,243,243,243,243,243,245,245,245,247,245,245,245,247,245,243,243,245,243,240,240,240,238,234,232,230,230,230,230,230,230,230,230,230,228,228,224,220,211,203,197,191,182,176,172,168,166,164,162,162,162,162,166,170,178,185,197,209,211,214,201,189,185,180,176,174,168,164,162,162,166,172,174,176,178,178,180,185,189,193,193,193,191,187,180,176,180,185,201,216,224,234,236,240,240,240,236,234,232,232,230,230,224,216,207,199,193,187,189,189,195,201,203,205,205,205,209,211,211,211,211,209,207,205,203,199,197,195,193,191,189,189,189,189,187,187,189,193,197,199,201,203,203,205,205,203,203,201,201,201,199,197,199,199,201,201,203,203,207,211,216,222,224,228,226,224,218,214,201,189,180,172,168,164,155,145,131,0,0,0,0,0,0,0,124,133,139,145,155,164,172,178,189,199,209,222,230,238,240,245,245,245,245,247,247,247,249,251,249,249,249,249,249,249,251,251,251,251,249,247,249,249,249,251,251,249,249,249,249,251,245,238,224,209,197,185,174,166,162,158,158,158,155,153,149,145,139,133,126,0,0,0,0,0,0,0,129,135,135,135,0,0,0,0,0,0,0,0,0,0,0,0,0,0,0,0,0,0,0,0,0,0,0,0,0,0,0,0,0,0
0,0,0,0,0,0,0,0,0,0,0,0,0,0,0,0,0,0,0,0,0,0,145,170,185,199,211,224,228,232,224,216,199,182,170,160,164,170,180,191,205,220,228,238,238,240,240,240,238,234,232,230,228,228,228,230,232,234,236,236,238,238,238,238,238,238,240,243,243,243,240,238,236,236,234,234,236,240,240,243,243,243,243,243,243,245,245,245,245,245,243,243,245,245,243,243,243,243,243,240,243,245,243,243,243,243,243,243,240,240,238,238,236,236,234,234,232,230,224,218,211,205,197,189,182,178,174,170,170,168,168,166,170,174,182,191,201,214,211,209,191,172,170,168,172,174,168,162,162,160,166,172,176,178,180,182,187,191,193,195,193,193,187,180,174,166,170,172,191,209,220,230,234,238,238,240,236,232,232,232,230,228,220,211,203,195,191,189,191,193,199,205,211,216,218,220,222,224,224,222,220,218,214,209,205,199,197,195,195,195,195,195,195,197,199,201,201,203,201,201,201,203,203,205,203,203,201,199,199,199,199,199,201,203,205,209,211,216,218,222,224,228,228,230,224,218,211,205,193,180,176,170,164,158,143,129,0,0,0,0,0,0,0,0,124,129,135,139,151,162,170,178,187,197,207,220,228,236,240,243,243,245,245,247,247,249,251,251,251,251,251,251,251,251,251,253,253,253,249,247,247,249,249,251,249,249,249,249,251,253,249,247,234,222,207,193,182,172,166,160,160,158,155,155,153,151,145,139,133,126,0,0,0,0,0,0,0,0,0,0,0,0,0,0,0,0,0,0,0,0,0,0,0,0,0,0,0,0,0,0,0,0,0,0,0,0,0,0,0,0
0,0,0,0,0,0,0,0,0,0,0,0,0,0,0,0,0,0,0,0,0,0,0,168,182,197,209,222,226,230,224,216,201,185,174,164,170,176,187,197,209,222,230,238,238,240,240,240,238,236,234,232,232,232,232,232,234,236,236,234,236,236,236,236,236,238,238,240,238,238,236,236,234,232,232,232,236,240,240,243,243,245,243,243,243,243,245,245,245,243,243,243,243,245,243,243,243,243,243,240,240,243,243,243,243,243,243,243,243,243,240,238,236,234,232,232,230,230,226,222,218,216,209,203,199,195,191,187,185,180,180,178,182,187,193,201,205,211,205,199,174,151,147,143,153,164,166,168,168,168,170,174,176,176,178,180,185,191,193,195,195,193,187,180,174,168,172,176,193,209,218,228,232,236,236,238,234,230,230,230,228,226,220,214,207,201,199,197,199,201,207,216,220,224,224,224,224,224,220,218,214,211,207,203,201,197,197,195,195,195,197,197,197,197,199,201,203,203,205,207,207,209,209,209,207,207,205,203,205,205,205,207,207,207,211,214,216,220,222,224,226,226,226,224,218,211,205,199,189,178,174,170,162,155,141,129,0,0,0,0,126,129,129,129,131,133,137,143,153,166,172,178,187,195,207,220,228,236,240,245,245,245,245,245,247,251,251,253,251,251,251,251,251,251,251,253,251,251,249,247,247,245,247,247,247,245,247,247,249,251,249,247,238,230,218,205,193,182,174,166,162,158,158,155,153,151,147,143,139,133,124,0,0,0,0,0,0,0,0,0,0,0,0,0,0,0,0,0,0,0,0,0,0,0,0,0,0,0,0,0,0,0,0,0,0,0,0,0,0,0
0,0,0,0,0,0,0,0,0,0,0,0,0,0,0,0,0,0,0,0,0,0,0,166,180,197,207,220,226,230,224,216,201,189,178,170,176,182,193,205,216,226,232,238,238,240,238,238,238,238,236,234,234,236,236,236,236,238,236,234,234,236,236,236,236,236,236,236,236,236,234,234,230,228,230,232,236,240,240,243,245,245,245,243,243,243,245,245,245,243,243,245,243,243,243,243,243,243,243,240,240,240,240,240,243,245,245,245,245,245,240,238,236,232,230,230,230,230,228,228,226,226,222,220,216,211,207,203,199,195,193,191,195,199,205,211,211,211,199,187,160,133,0,0,137,153,164,174,174,176,176,176,176,174,176,180,185,191,193,195,195,195,189,182,176,170,176,182,195,209,218,226,230,236,236,236,232,230,228,228,226,224,218,214,209,205,205,205,207,211,218,224,228,230,230,230,226,224,218,214,209,205,201,199,197,195,195,197,197,197,199,199,199,199,201,203,203,205,209,214,214,216,214,214,211,211,211,209,211,211,214,214,214,214,216,218,222,226,226,226,226,226,222,220,214,207,201,195,187,178,174,170,162,153,141,129,129,129,135,141,143,143,141,139,137,137,141,145,158,168,174,180,187,195,207,220,228,238,240,245,245,245,245,245,247,251,253,253,253,251,251,251,251,253,253,253,251,251,249,247,245,243,243,245,243,243,245,247,247,249,249,249,245,240,228,218,205,191,180,172,166,160,158,155,153,151,149,147,145,141,133,124,0,0,0,0,0,0,0,0,0,0,0,0,0,0,0,0,0,0,0,0,0,0,0,0,0,0,0,0,0,0,0,0,0,0,0,0,0,0
0,0,0,0,0,0,0,0,0,0,0,0,0,0,0,0,0,0,0,0,0,0,0,151,172,193,203,216,222,230,224,218,203,191,182,176,180,187,197,207,218,228,234,238,238,240,236,234,232,230,228,226,228,232,234,236,236,236,234,232,232,234,234,234,234,234,234,234,234,234,234,236,234,234,236,238,240,243,243,243,245,245,245,245,243,243,243,243,243,240,243,243,243,240,240,240,240,240,240,240,240,243,240,240,243,243,243,243,243,243,240,238,236,232,232,230,230,228,228,228,226,226,226,224,222,220,216,214,209,207,205,205,207,209,211,214,207,201,185,170,147,0,0,0,0,135,149,164,170,176,178,178,176,176,178,180,182,187,187,187,187,185,182,180,178,176,185,193,203,216,222,228,230,234,234,234,230,226,226,224,226,226,224,222,220,218,218,218,220,222,224,226,226,226,226,224,220,216,211,209,207,205,203,201,201,199,199,197,199,199,201,205,205,205,207,209,209,211,214,218,218,218,216,216,216,216,216,216,216,218,218,220,218,218,218,220,220,222,222,222,220,218,216,211,207,203,199,193,187,178,174,170,166,160,151,143,145,145,149,151,151,151,147,145,143,139,145,149,160,170,176,180,189,195,207,220,228,238,243,247,245,245,245,245,247,251,251,253,251,251,251,251,251,253,251,251,251,251,247,245,240,234,232,230,230,230,234,236,238,243,245,249,247,245,236,228,216,201,191,178,170,164,160,155,153,151,151,151,149,147,139,133,0,0,0,0,0,0,0,0,0,0,0,0,0,0,0,0,0,0,0,0,0,0,0,0,0,0,0,0,0,0,0,0,0,0,0,0,0,0
0,0,0,0,0,0,0,0,0,0,0,0,0,0,0,0,0,0,0,0,0,0,0,0,164,191,201,211,220,230,224,220,205,193,187,182,187,193,201,211,220,230,234,240,240,240,234,230,228,224,222,220,224,228,232,236,236,236,234,230,232,232,234,234,234,234,232,232,232,234,236,238,240,243,243,245,245,245,245,245,245,245,245,245,245,245,243,240,240,240,240,240,240,240,240,240,240,240,240,240,240,243,243,243,243,243,240,240,240,240,240,240,236,234,232,230,230,228,228,228,228,228,228,230,228,228,226,224,222,220,220,220,220,222,220,218,203,191,172,155,137,0,0,0,0,0,137,155,168,178,180,180,178,178,180,182,182,182,180,178,176,176,176,178,180,182,193,205,214,222,226,228,230,234,232,232,228,224,222,222,226,228,230,230,230,232,230,230,232,234,232,230,226,224,220,218,214,209,207,205,205,205,205,205,203,203,201,199,201,203,205,209,211,211,214,216,216,218,220,222,222,222,220,218,218,218,220,220,222,224,224,224,222,222,220,220,220,220,218,218,214,211,207,203,201,199,195,193,187,180,176,172,170,168,164,160,162,164,164,164,162,160,155,153,147,143,149,153,164,172,176,182,189,197,209,222,230,238,243,247,247,245,245,247,249,251,251,253,251,251,251,251,251,253,251,251,251,251,247,243,234,228,222,218,218,218,222,228,232,236,243,247,249,251,245,238,226,214,199,187,176,168,162,158,153,151,151,153,153,153,147,139,131,0,0,0,0,0,0,0,0,0,0,0,0,0,0,0,0,0,0,0,0,0,0,0,0,0,0,0,0,0,0,0,0,0,0,0,0,0
0,0,0,0,0,0,0,0,0,0,0,0,0,0,0,0,0,0,0,0,0,0,0,0,149,180,193,205,216,224,222,220,207,195,189,182,187,191,201,211,220,230,232,236,236,234,228,222,216,211,209,205,211,216,224,230,234,238,234,232,234,234,234,234,234,234,234,234,234,234,236,238,240,240,243,243,243,243,243,243,245,245,245,245,243,243,240,238,236,236,236,236,234,234,234,234,234,232,234,234,236,236,236,238,240,243,240,240,240,240,238,238,236,236,234,232,230,230,228,228,228,230,230,232,230,230,228,226,224,222,222,222,224,226,224,222,205,191,172,155,141,126,0,0,0,126,139,153,166,180,182,187,187,189,191,193,191,191,187,182,180,180,182,185,189,193,203,214,220,226,226,228,230,232,232,232,230,226,226,226,230,232,234,234,234,234,232,230,230,230,226,224,222,218,216,214,209,207,205,203,203,203,203,205,205,207,205,205,207,207,211,214,214,214,216,218,218,220,222,222,222,222,220,220,220,220,220,220,220,220,220,220,218,216,214,214,211,209,207,205,203,199,197,195,195,195,193,191,187,180,178,174,172,170,168,166,166,168,166,166,164,162,158,155,151,147,151,155,164,174,178,182,191,199,209,222,230,240,243,247,247,245,247,247,249,251,253,253,251,249,249,251,251,251,251,249,249,249,240,234,224,214,209,205,203,203,209,214,220,226,232,238,245,249,245,243,232,222,209,197,185,174,168,162,158,153,153,155,155,155,151,145,137,129,0,0,0,0,0,0,0,0,0,0,0,0,0,0,0,0,0,0,0,0,0,0,0,0,0,0,0,0,0,0,0,0,0,0,0,0
0,0,0,0,0,0,0,0,0,0,0,0,0,0,0,0,0,0,0,0,0,0,0,0,0,172,187,199,209,220,220,222,209,199,191,185,189,191,201,211,220,230,232,234,232,230,222,214,205,199,195,193,197,203,214,226,232,238,236,236,236,236,236,234,234,234,234,234,234,234,236,238,240,240,240,243,240,240,243,243,243,245,243,243,243,240,238,236,234,232,232,230,230,228,228,228,228,226,228,230,230,232,232,234,236,240,240,240,238,238,238,238,238,238,236,236,232,230,230,228,230,232,232,234,232,232,230,228,226,226,226,226,228,230,228,226,209,193,174,155,145,135,131,129,133,135,143,153,166,180,187,195,197,199,201,203,201,199,193,189,187,185,187,191,197,203,214,224,226,228,228,230,230,232,232,234,232,230,230,230,234,236,238,238,238,236,232,230,228,226,222,220,216,214,211,209,207,205,203,201,201,201,203,205,207,211,211,211,211,214,216,218,218,218,218,220,220,222,222,224,222,222,220,220,220,220,220,220,218,218,216,214,211,209,207,205,203,199,197,193,191,189,189,187,189,189,189,189,187,182,180,178,176,174,172,172,172,172,170,168,166,164,160,158,153,149,153,160,166,174,180,185,193,201,211,224,232,240,245,247,247,247,247,247,249,253,253,253,251,249,249,251,251,251,251,249,247,245,236,228,214,201,197,191,191,191,195,201,207,216,224,232,238,247,247,247,238,232,220,205,193,182,174,166,162,158,158,158,158,158,155,151,145,137,0,0,0,0,0,0,0,0,0,0,0,0,0,0,0,0,0,0,0,0,0,0,0,0,0,0,0,0,0,0,0,0,0,0,0,0
0,0,0,0,0,0,0,0,0,0,0,0,0,0,0,0,0,0,0,0,0,0,0,0,0,153,174,193,203,211,216,220,211,203,195,187,189,191,201,211,220,228,230,230,226,224,214,205,197,189,187,182,189,195,207,220,228,238,238,236,236,238,236,234,234,234,234,234,234,234,236,236,236,236,238,238,238,238,238,238,238,240,240,240,238,238,236,234,232,228,226,226,222,218,218,216,214,214,214,216,216,218,220,220,226,230,232,234,236,238,238,238,238,240,238,236,234,232,230,230,230,232,232,232,234,234,232,232,232,232,230,230,230,232,230,230,220,209,195,180,172,164,162,160,162,162,168,176,187,197,203,209,211,216,216,216,216,214,211,207,205,203,205,209,214,218,224,230,230,230,230,232,232,232,232,234,232,232,230,230,232,234,234,236,234,232,230,226,224,222,218,214,211,209,207,205,203,201,197,195,195,195,195,197,199,201,203,205,207,209,211,214,214,214,214,216,216,216,218,218,218,216,216,214,214,214,211,211,209,209,207,205,203,201,197,195,193,191,189,185,182,180,178,178,180,182,185,187,187,187,182,180,176,174,172,172,172,172,170,170,168,166,162,158,155,153,158,162,168,176,180,187,195,203,214,224,232,240,245,247,245,245,245,247,249,253,253,253,251,249,249,251,251,251,249,249,243,238,226,216,203,193,189,185,182,182,185,189,195,203,211,222,230,240,243,245,240,238,226,216,203,191,180,172,166,160,158,158,158,158,155,153,147,141,0,0,0,0,0,0,0,0,0,0,0,0,0,0,0,0,0,0,0,0,0,0,0,0,0,0,0,0,0,0,0,0,0,0,0,0
0,0,0,0,0,0,0,0,0,0,0,0,0,0,0,0,0,0,0,0,0,0,0,0,0,0,162,189,197,205,211,218,214,209,197,187,189,189,199,211,220,228,228,228,222,218,207,197,189,180,176,174,180,189,201,216,226,238,238,238,238,238,236,234,234,236,236,236,236,236,236,236,234,234,234,236,236,236,236,236,236,236,236,236,236,236,234,232,228,226,222,220,214,209,205,203,201,201,201,203,203,203,205,207,214,220,226,230,234,238,238,238,240,243,240,238,236,232,232,230,230,232,232,232,234,236,236,236,236,236,234,234,234,234,234,236,230,224,216,205,199,195,193,191,191,191,195,199,205,211,218,226,228,232,230,230,230,230,228,228,226,224,226,228,230,234,234,236,234,234,234,234,232,232,234,234,234,234,230,228,230,232,232,232,230,230,226,224,222,220,214,209,207,205,203,201,197,195,193,189,189,187,187,189,191,193,197,201,203,207,207,209,209,209,209,211,211,211,211,214,211,211,209,209,207,207,205,203,201,201,199,199,195,193,189,185,182,182,180,178,174,172,170,168,172,178,180,185,187,189,187,185,178,174,172,172,172,172,172,172,168,166,162,160,158,158,162,164,170,176,182,189,197,205,216,226,232,240,245,247,245,243,245,247,249,253,253,253,251,249,249,251,249,249,249,249,238,230,218,203,193,182,180,176,174,174,174,176,182,191,201,211,224,234,238,245,245,245,234,224,211,199,189,178,170,162,160,158,158,158,155,153,149,145,133,0,0,0,0,0,0,0,0,0,0,0,0,0,0,0,0,0,0,0,0,0,0,0,0,0,0,0,0,0,0,0,0,0,0,0
0,0,0,0,0,0,0,0,0,0,0,0,0,0,0,0,0,0,0,0,0,0,0,0,0,0,0,174,187,199,205,214,211,211,201,191,191,191,201,211,220,228,226,226,218,211,203,193,182,172,170,168,178,187,199,211,224,236,238,240,238,238,236,234,234,236,236,236,234,234,232,230,228,226,226,228,226,226,226,224,224,226,228,230,230,232,232,230,228,226,222,218,211,205,201,195,193,191,191,189,189,189,191,193,199,205,211,220,226,232,234,238,240,243,240,238,236,234,232,232,232,230,230,230,232,232,234,236,238,238,238,238,236,234,236,238,234,232,228,224,220,216,214,214,211,211,214,218,220,224,226,230,232,234,232,232,232,234,234,234,232,232,232,234,236,238,238,236,234,232,232,230,230,230,230,232,232,232,230,228,230,230,230,230,228,228,224,220,216,211,207,201,199,195,193,191,189,187,182,180,180,178,178,178,180,182,187,191,193,197,199,201,201,203,203,205,203,203,205,207,205,201,201,199,197,195,193,193,191,191,191,191,189,189,185,182,180,180,178,176,172,170,168,166,170,174,178,180,185,187,187,187,182,178,176,174,172,172,172,172,170,168,162,158,158,158,162,166,170,176,182,189,197,207,216,226,234,243,245,247,245,243,245,247,249,251,251,253,251,249,249,249,247,247,245,243,232,220,207,195,187,178,176,172,170,166,164,164,170,178,189,201,211,224,230,238,240,245,238,232,220,207,197,187,176,168,166,162,160,160,158,155,151,147,137,0,0,0,0,0,0,0,0,0,0,0,0,0,0,0,0,0,0,0,0,0,0,0,0,0,0,0,0,0,0,0,0,0,0,0
0,0,0,0,0,0,0,0,0,0,0,0,0,0,0,0,0,0,0,0,0,0,0,0,0,0,0,162,178,195,201,209,211,214,205,197,195,193,203,214,220,228,226,224,214,205,197,191,178,166,164,164,174,187,197,207,220,234,236,240,238,238,236,234,234,236,236,238,234,232,228,226,222,220,220,218,218,216,214,214,214,216,220,222,226,228,230,230,228,226,220,216,207,201,195,189,185,180,178,176,176,174,176,180,185,191,199,207,216,226,232,238,240,243,240,240,238,236,234,234,232,230,230,228,230,230,234,236,238,243,243,243,238,236,238,240,240,240,240,240,240,238,236,236,234,232,234,236,234,234,236,236,236,236,236,236,236,238,240,240,240,240,240,240,243,243,240,238,234,232,230,228,228,226,228,230,232,232,230,228,228,230,228,228,226,226,222,218,211,205,199,195,191,187,182,180,178,176,174,172,172,170,170,170,172,174,176,178,182,187,189,193,195,199,199,199,197,197,199,201,197,193,191,191,187,185,182,180,180,182,182,185,185,185,180,178,178,178,176,176,172,168,166,164,168,172,174,176,180,185,187,189,185,182,178,176,174,172,172,172,170,168,164,158,158,158,162,166,172,178,182,189,199,207,218,228,236,243,245,247,245,243,245,247,249,251,251,253,251,251,249,249,247,245,240,238,224,211,199,187,180,174,172,170,164,160,155,151,160,166,178,189,201,214,224,232,238,245,240,238,228,218,205,193,185,176,170,166,164,162,160,155,153,151,139,0,0,0,0,0,0,0,0,0,0,0,0,0,0,0,0,0,0,0,0,0,0,0,0,0,0,0,0,0,0,0,0,0,0,0
0,0,0,0,0,0,0,0,0,0,0,0,0,0,0,0,0,0,0,0,0,0,0,0,0,0,0,0,160,185,193,203,205,209,205,201,201,201,209,218,222,226,222,218,209,199,193,187,174,162,164,164,176,189,199,209,222,234,236,238,238,236,236,234,234,234,234,232,228,222,218,214,209,207,205,205,203,203,201,201,201,203,207,211,216,222,226,230,228,228,222,218,211,205,197,191,185,180,176,172,170,168,170,172,178,185,191,199,209,220,228,238,238,240,238,238,238,238,236,236,234,232,230,228,228,228,230,234,236,238,238,240,240,240,243,243,243,243,243,243,243,243,240,238,238,236,238,238,238,238,238,238,236,236,236,238,238,238,238,240,238,238,238,238,238,238,236,234,232,230,228,228,228,228,230,232,232,234,232,230,230,230,228,226,224,222,214,207,201,195,189,185,180,176,176,174,172,172,170,168,166,164,164,166,166,168,170,172,176,180,185,189,191,195,195,195,193,193,191,191,187,185,182,180,176,174,174,172,174,174,176,178,180,180,180,178,178,178,176,176,172,168,168,166,168,172,172,172,176,180,182,185,182,180,178,176,174,172,172,172,170,168,162,158,158,155,162,166,172,178,185,191,199,207,218,230,236,245,245,245,245,243,245,247,249,251,253,253,251,249,249,247,245,243,236,230,216,201,193,182,178,172,170,166,160,155,149,143,151,158,170,180,193,205,216,226,234,240,240,240,232,226,214,201,191,182,176,172,168,166,162,160,155,153,143,0,0,0,0,0,0,0,0,0,0,0,0,0,0,0,0,0,0,0,0,0,0,0,0,0,0,0,0,0,0,0,0,0,0,0
0,0,0,0,0,0,0,0,0,0,0,0,0,0,0,0,0,0,0,0,0,0,0,0,0,0,0,0,0,176,187,197,201,205,205,205,207,209,216,224,224,224,218,211,203,195,189,185,172,160,162,164,176,191,201,211,222,234,236,238,236,236,236,236,234,234,230,228,220,214,207,201,197,193,193,191,191,193,191,189,189,191,195,199,207,218,224,230,230,230,224,220,214,207,199,191,187,180,174,168,164,160,162,164,170,176,185,193,203,216,226,236,238,238,238,238,238,240,240,240,236,234,230,228,228,228,228,230,232,234,236,240,243,247,247,247,245,245,245,245,245,247,245,243,243,240,240,243,243,243,240,238,238,238,238,240,238,238,238,238,238,238,238,236,234,232,232,232,230,228,228,228,230,230,232,234,234,236,234,234,232,230,228,226,222,218,207,199,193,185,180,174,172,168,168,168,166,166,164,162,160,160,160,160,162,162,164,166,170,174,178,185,187,191,191,193,189,187,185,182,178,174,172,170,168,166,166,164,166,168,170,174,176,178,178,178,178,178,178,176,172,170,168,168,170,170,170,170,172,176,178,182,180,180,178,176,174,172,172,174,170,168,162,158,155,155,160,166,172,180,185,191,199,209,220,230,238,245,245,245,245,243,245,247,249,251,253,255,251,249,247,247,245,243,232,224,209,193,187,178,174,172,168,164,158,151,143,137,143,149,162,174,185,197,209,222,228,236,238,243,236,232,220,209,199,191,182,176,172,170,166,164,160,155,145,0,0,0,0,0,0,0,0,0,0,0,0,0,0,0,0,0,0,0,0,0,0,0,0,0,0,0,0,0,0,0,0,0,0,0
0,0,0,0,0,0,0,0,0,0,0,0,0,0,0,0,0,0,0,0,0,0,0,0,0,0,0,0,0,151,170,191,195,201,203,205,209,214,218,224,222,220,214,207,199,191,185,176,168,160,166,170,180,191,203,216,226,236,236,238,236,234,234,234,230,228,222,216,207,201,197,191,189,185,185,185,185,185,182,178,180,180,187,191,201,209,218,226,228,230,228,224,220,214,205,197,193,189,182,176,170,162,162,160,168,174,182,191,203,214,224,236,236,238,238,238,238,240,240,240,238,236,234,232,230,230,230,230,230,232,234,236,240,243,243,245,245,245,245,245,245,247,245,243,243,243,243,243,243,243,240,240,238,238,238,240,238,236,236,238,236,236,236,234,232,230,230,230,228,228,228,228,230,230,232,232,234,236,234,232,230,230,226,224,218,211,201,193,185,178,174,168,166,162,162,160,160,158,155,153,153,151,153,155,158,160,162,166,168,172,176,180,185,189,189,189,187,182,180,178,174,172,168,164,162,162,162,162,164,166,168,172,174,176,176,174,176,176,176,176,172,170,170,168,168,168,168,168,172,174,176,178,180,180,178,178,176,174,174,174,170,164,160,153,153,153,160,166,174,180,187,193,201,209,222,232,238,247,247,247,245,245,247,249,249,251,253,253,249,247,247,247,243,238,228,216,201,189,182,176,172,170,168,164,158,151,143,135,137,141,153,166,178,191,203,214,222,230,234,240,236,234,226,216,207,197,191,185,180,176,172,168,164,160,147,137,0,0,0,0,0,0,0,0,0,0,0,0,0,0,0,0,0,0,0,0,0,0,0,0,0,0,0,0,0,0,0,0,0,0
0,0,0,0,0,0,0,0,0,0,0,0,0,0,0,0,0,0,0,0,0,0,0,0,0,0,0,0,0,0,155,185,191,197,201,205,211,218,222,224,220,216,209,205,197,189,178,170,166,162,168,176,185,193,205,220,228,238,238,238,236,234,232,232,228,222,214,203,197,191,185,180,178,178,176,176,176,176,174,170,172,172,178,182,193,203,214,224,228,232,230,230,224,220,211,203,199,195,191,185,174,164,160,158,164,172,180,191,201,214,224,234,236,238,238,238,238,240,240,240,238,238,236,234,232,232,232,232,230,230,232,234,236,238,240,243,243,245,245,247,247,247,245,243,243,245,243,243,243,245,243,240,240,240,240,240,236,234,236,236,236,234,234,232,230,230,228,228,228,228,228,230,230,232,232,232,234,236,234,232,230,228,226,222,214,205,195,185,178,172,168,164,160,158,155,153,151,149,147,145,145,145,149,153,155,158,162,164,168,170,172,176,180,185,187,187,182,178,176,172,170,168,164,160,158,155,158,158,162,164,168,172,172,174,172,172,172,174,174,176,174,172,170,168,166,166,166,168,170,174,174,176,178,180,180,180,178,176,176,174,168,162,155,151,151,153,160,168,174,182,189,195,203,211,222,234,240,249,247,247,247,247,249,251,251,251,251,253,249,245,245,247,240,236,222,207,195,182,178,172,170,170,166,164,158,153,143,133,133,135,145,158,170,185,195,207,216,226,232,238,238,238,230,224,214,203,197,193,187,182,176,172,166,162,149,139,0,0,0,0,0,0,0,0,0,0,0,0,0,0,0,0,0,0,0,0,0,0,0,0,0,0,0,0,0,0,0,0,0,0
0,0,0,0,0,0,0,0,0,0,0,0,0,0,0,0,0,0,0,0,0,0,0,0,0,0,0,0,0,0,0,160,176,193,197,201,205,209,214,216,211,209,205,201,191,182,172,162,162,164,172,180,187,195,207,220,228,236,238,238,236,234,230,226,218,211,201,193,187,182,176,172,172,170,172,172,172,174,172,170,170,170,176,180,191,199,211,224,226,230,230,230,226,224,218,211,205,201,197,191,182,172,168,164,170,176,185,191,203,216,224,234,236,238,238,238,238,240,240,240,240,238,238,236,236,236,234,234,232,232,232,232,234,234,234,236,236,236,238,240,243,243,240,238,238,240,238,238,238,238,236,236,236,238,238,236,234,232,232,234,234,232,232,232,232,232,230,230,230,230,230,230,230,232,232,232,234,234,232,232,230,228,224,220,209,201,191,178,172,166,160,153,147,143,141,139,139,139,137,135,135,137,141,145,151,158,160,164,166,170,172,174,178,182,185,185,180,176,174,170,168,166,160,155,153,151,153,155,160,164,168,172,172,174,172,170,172,174,174,174,172,170,168,168,166,166,168,168,170,172,174,174,176,178,178,178,176,176,174,174,166,160,153,149,151,153,162,168,176,182,189,195,203,211,224,236,243,249,249,249,249,249,251,251,251,251,251,251,249,245,245,245,236,230,216,201,191,180,176,170,168,168,166,164,158,151,143,133,133,131,141,151,166,178,191,203,211,222,228,234,234,236,232,230,220,211,205,199,191,185,180,176,170,166,153,0,0,0,0,0,0,0,0,0,0,0,0,0,0,0,0,0,0,0,0,0,0,0,0,0,0,0,0,0,0,0,0,0,0,0
0,0,0,0,0,0,0,0,0,0,0,0,0,0,0,0,0,0,0,0,0,0,0,0,0,0,0,0,0,0,0,0,162,189,193,199,201,203,205,207,205,203,199,197,187,178,166,155,160,164,174,185,191,197,209,222,228,236,238,240,238,236,228,220,209,199,191,185,178,174,168,164,164,164,166,168,170,170,170,172,170,170,174,178,189,197,209,222,226,230,230,232,230,228,222,218,214,209,203,199,191,182,176,170,174,180,187,193,205,218,226,236,236,238,238,238,240,240,240,240,240,240,240,240,240,240,238,236,234,234,232,232,232,230,230,230,230,230,234,236,238,240,236,234,234,236,234,234,232,232,232,232,234,236,234,234,232,228,230,232,232,232,232,232,232,234,232,232,232,232,232,232,232,232,232,232,234,234,232,230,228,226,222,218,207,197,185,174,166,160,151,143,135,129,126,124,126,129,126,126,126,126,133,139,147,155,160,164,166,168,170,174,176,180,182,182,178,174,172,168,166,162,158,153,149,147,149,153,158,164,168,172,172,172,170,168,170,174,174,174,172,170,168,166,168,168,170,170,172,172,172,174,176,178,176,176,176,174,174,172,166,158,151,147,149,153,162,170,176,185,191,197,205,214,226,236,243,249,249,249,251,253,253,253,253,253,251,251,249,247,245,243,232,224,209,195,187,178,174,168,168,166,164,162,155,151,143,135,131,129,137,147,160,174,187,197,207,218,224,230,232,234,234,236,228,220,214,205,197,189,185,180,176,172,155,0,0,0,0,0,0,0,0,0,0,0,0,0,0,0,0,0,0,0,0,0,0,0,0,0,0,0,0,0,0,0,0,0,0,0
0,0,0,0,0,0,0,0,0,0,0,0,0,0,0,0,0,0,0,0,0,0,0,0,0,0,0,0,0,0,0,0,0,162,176,191,195,199,201,203,199,197,191,185,174,166,160,153,162,170,178,189,195,203,214,224,228,232,236,238,236,234,226,216,203,193,185,176,168,162,158,155,160,164,168,172,172,174,174,176,174,172,176,180,189,197,209,222,226,232,232,232,230,230,226,224,218,214,207,201,193,185,178,174,178,182,191,197,209,222,228,236,236,238,238,238,238,240,240,240,240,240,240,240,240,240,240,238,238,236,234,234,232,232,232,232,232,230,232,234,234,234,234,232,232,232,232,230,230,230,232,232,234,236,234,234,232,230,230,232,232,232,232,232,234,234,234,234,234,234,234,232,232,230,230,232,232,232,230,228,226,226,220,216,203,193,182,170,162,153,141,131,126,0,0,0,0,0,0,0,0,0,129,137,145,155,158,162,164,168,170,172,174,176,176,178,174,172,170,168,166,164,158,153,151,149,153,155,162,166,170,174,174,174,172,170,170,172,172,172,170,170,168,166,166,168,166,166,168,170,172,174,174,176,176,176,174,174,170,168,160,151,147,143,147,153,164,172,178,185,191,199,207,218,228,240,245,249,249,251,253,253,253,253,251,251,251,249,249,247,240,236,226,216,203,191,185,176,172,166,166,166,164,162,158,151,145,139,135,131,139,147,160,174,185,197,207,216,220,226,228,230,230,232,228,224,216,207,197,189,185,180,176,170,153,0,0,0,0,0,0,0,0,0,0,0,0,0,0,0,0,0,0,0,0,0,0,0,0,0,0,0,0,0,0,0,0,0,0,0
0,0,0,0,0,0,0,0,0,0,0,0,0,0,0,0,0,0,0,0,0,0,0,0,0,0,0,0,0,0,0,0,0,0,162,185,191,197,197,199,195,191,182,174,164,153,153,153,164,176,185,193,199,207,216,226,228,230,234,236,234,234,222,211,199,185,176,168,160,149,147,147,155,166,170,176,176,178,178,180,178,176,180,182,191,199,211,224,228,232,232,234,232,232,232,230,224,218,209,203,195,187,182,178,182,187,193,201,214,226,232,238,238,238,236,236,238,243,243,243,243,243,240,240,240,240,240,243,240,240,238,234,234,234,234,234,232,230,232,232,232,230,230,230,230,230,230,228,230,230,232,232,234,236,234,234,232,230,232,232,232,232,232,234,234,236,236,236,236,236,234,234,232,230,230,230,230,230,228,228,226,224,218,214,201,191,178,168,158,147,133,0,0,0,0,0,0,0,0,0,0,0,126,137,145,155,158,160,164,168,168,170,172,172,172,174,172,170,168,168,166,164,160,153,153,151,155,160,164,168,172,174,174,176,174,172,172,172,172,172,170,168,168,166,166,168,164,162,166,170,172,174,174,174,174,176,174,174,168,164,155,145,141,139,147,155,164,174,180,187,193,199,211,222,232,245,247,251,251,253,253,255,253,251,251,251,249,249,247,247,238,232,220,207,197,187,180,176,170,166,166,166,164,162,158,153,147,141,137,133,141,147,160,174,185,197,205,216,218,222,224,226,228,230,228,226,218,209,199,189,187,182,176,170,151,0,0,0,0,0,0,0,0,0,0,0,0,0,0,0,0,0,0,0,0,0,0,0,0,0,0,0,0,0,0,0,0,0,0,0
0,0,0,0,0,0,0,0,0,0,0,0,0,0,0,0,0,0,0,0,0,0,0,0,0,0,0,0,0,0,0,0,0,0,0,149,162,176,180,185,182,178,170,162,153,143,151,158,170,182,189,195,203,214,220,226,228,230,232,234,232,228,218,209,195,180,172,162,153,145,149,153,164,174,176,180,182,182,185,185,185,185,187,191,197,203,214,224,228,232,232,234,234,234,232,232,226,220,211,203,195,187,182,180,185,189,199,207,218,230,234,238,238,238,238,238,238,240,240,240,240,240,240,238,240,240,240,243,243,243,238,236,236,238,236,236,234,232,234,234,232,230,230,230,230,232,230,230,232,232,234,236,236,238,236,234,234,234,234,234,232,232,232,234,234,236,236,234,236,236,234,234,232,230,230,230,230,230,228,228,226,224,220,216,203,193,180,170,160,149,137,124,0,0,0,0,0,0,0,0,0,0,0,137,145,155,158,160,162,166,166,168,170,170,170,172,170,168,166,166,164,160,153,147,147,147,153,160,164,168,172,174,174,174,174,172,172,172,172,172,170,168,166,164,164,162,155,149,153,160,166,172,172,172,172,174,170,168,160,153,145,137,137,137,147,158,166,174,180,187,195,203,216,228,236,247,247,249,251,253,253,253,251,249,249,249,249,247,245,243,234,226,216,203,195,187,180,176,172,168,168,166,164,162,158,153,147,143,141,139,145,153,166,178,187,197,203,211,214,218,218,220,220,220,218,216,209,201,195,187,185,182,172,164,0,0,0,0,0,0,0,0,0,0,0,0,0,0,0,0,0,0,0,0,0,0,0,0,0,0,0,0,0,0,0,0,0,0,0,0
0,0,0,0,0,0,0,0,0,0,0,0,0,0,0,0,0,0,0,0,0,0,0,0,0,0,0,0,0,0,0,0,0,0,0,0,0,155,164,172,170,166,158,149,143,135,149,162,176,189,193,197,207,220,224,228,230,230,232,232,228,224,214,205,191,178,166,155,149,141,151,162,172,182,185,185,187,189,189,191,191,191,195,199,203,209,218,226,230,232,232,234,234,234,234,234,228,222,214,205,195,187,185,182,187,193,203,214,224,234,236,240,240,240,238,238,238,240,238,238,238,240,238,238,238,240,240,243,243,243,240,240,240,240,240,238,236,236,236,236,234,232,230,230,232,232,232,232,234,234,238,240,240,238,236,234,236,238,236,236,234,232,234,234,236,236,236,234,236,236,236,234,232,230,230,230,228,228,228,228,226,226,222,218,207,197,185,172,162,153,139,126,0,0,0,0,0,0,0,0,0,0,0,137,147,155,158,162,162,164,164,166,168,170,170,170,168,166,166,166,162,158,149,143,143,143,151,158,164,168,172,174,174,174,174,172,172,172,172,172,170,170,166,162,160,158,147,137,143,149,158,168,170,170,172,172,168,164,153,143,135,0,133,135,147,160,168,176,182,187,197,207,220,234,240,249,249,249,251,253,251,251,249,249,249,249,247,247,243,238,230,222,209,199,191,185,180,176,174,172,170,166,164,160,155,153,149,145,145,145,151,160,170,182,189,197,203,207,209,214,214,216,214,211,209,205,201,195,191,187,185,182,170,158,0,0,0,0,0,0,0,0,0,0,0,0,0,0,0,0,0,0,0,0,0,0,0,0,0,0,0,0,0,0,0,0,0,0,0,0
0,0,0,0,0,0,0,0,0,0,0,0,0,0,0,0,0,0,0,0,0,0,0,0,0,0,0,0,0,0,0,0,0,0,0,0,0,0,0,0,139,139,139,139,139,139,153,166,178,189,193,197,207,218,224,228,230,232,232,232,226,222,211,203,189,176,166,155,151,149,160,170,178,187,189,193,195,197,199,201,203,203,205,207,211,216,222,228,230,232,234,234,234,234,232,232,226,222,214,205,197,191,189,187,193,197,209,220,226,234,236,238,238,238,236,236,238,238,236,236,236,236,236,236,238,240,240,243,243,243,240,240,238,238,238,236,236,236,236,236,234,232,232,232,232,234,234,234,234,234,236,240,238,238,236,234,234,236,236,234,234,234,234,234,234,236,236,234,234,236,234,234,232,232,232,230,230,230,228,228,226,224,222,220,211,203,191,178,168,160,149,141,131,122,0,0,0,0,0,0,0,0,0,133,141,151,155,160,162,164,164,166,166,168,168,170,168,166,164,160,151,143,135,129,133,137,145,155,162,168,172,174,174,174,172,172,172,172,172,172,170,170,166,164,160,158,141,0,0,0,137,147,151,155,155,155,151,147,139,133,131,131,135,141,153,164,172,178,185,191,201,211,224,236,240,247,249,251,251,253,251,251,249,249,249,249,247,245,240,236,226,218,207,195,191,187,180,176,176,174,170,168,164,160,158,153,149,147,147,147,153,162,170,180,189,197,199,203,203,205,205,205,203,201,199,197,193,189,187,182,180,176,162,0,0,0,0,0,0,0,0,0,0,0,0,0,0,0,0,0,0,0,0,0,0,0,0,0,0,0,0,0,0,0,0,0,0,0,0,0
0,0,0,0,0,0,0,0,0,0,0,0,0,0,0,0,0,0,0,0,0,0,0,0,0,0,0,0,0,0,0,0,0,0,0,0,0,0,0,0,0,0,0,0,135,143,158,170,180,189,193,197,207,218,222,228,230,232,232,232,226,220,209,201,187,174,164,153,155,160,170,180,185,191,195,201,203,207,209,214,214,216,218,218,220,222,226,230,232,232,234,236,234,234,232,230,226,222,214,207,201,195,193,193,199,203,214,226,230,234,234,236,236,236,236,236,236,236,236,234,234,234,234,236,238,240,243,243,243,240,240,240,238,238,236,236,236,236,236,238,234,232,234,234,234,236,236,236,236,236,236,238,238,240,236,234,234,234,234,234,234,234,234,234,234,236,236,236,234,234,234,234,234,234,232,232,232,230,228,228,226,224,224,224,216,209,197,185,176,166,160,153,145,137,124,0,0,0,0,0,0,0,0,129,137,147,153,160,162,164,164,166,166,168,168,170,168,166,160,155,143,131,0,0,0,0,141,155,162,168,172,174,174,174,172,172,170,170,172,172,172,170,168,166,162,158,133,0,0,0,0,0,133,139,139,137,133,0,0,0,0,131,139,149,158,168,174,182,189,195,207,218,228,236,243,247,249,251,253,253,251,251,249,249,247,247,245,243,238,234,224,214,203,193,189,187,182,178,178,176,172,168,164,162,158,155,151,149,149,151,158,162,172,180,189,195,197,197,197,197,195,195,193,191,189,187,185,185,182,180,176,172,153,0,0,0,0,0,0,0,0,0,0,0,0,0,0,0,0,0,0,0,0,0,0,0,0,0,0,0,0,0,0,0,0,0,0,0,0,0
0,0,0,0,0,0,0,0,0,0,0,0,0,0,0,0,0,0,0,0,0,0,0,0,0,0,0,0,0,0,0,0,0,0,0,0,0,0,0,0,0,0,0,0,0,0,149,166,176,189,191,195,201,209,216,222,226,230,230,230,224,218,207,199,187,174,164,155,160,164,172,182,189,195,203,209,211,214,216,216,218,218,220,220,220,222,226,228,230,234,234,234,234,234,232,230,226,222,214,205,201,197,197,199,203,209,218,228,232,236,234,234,234,234,232,232,230,228,226,224,222,220,220,222,228,232,236,240,240,240,240,238,238,238,236,236,236,236,236,238,234,232,234,234,236,236,236,238,236,236,238,240,240,240,236,234,234,234,234,234,234,236,234,234,234,236,236,236,234,234,232,232,232,234,232,232,232,230,230,228,228,226,226,226,220,216,205,197,187,176,170,164,158,153,143,135,129,124,0,0,0,0,0,129,133,137,143,149,153,158,160,162,162,164,164,164,160,155,147,139,0,0,0,0,0,139,151,166,170,174,174,174,174,174,172,170,170,170,170,170,170,170,168,168,160,153,129,0,0,0,0,0,0,0,0,0,0,0,0,0,135,141,149,158,166,174,180,187,193,201,211,222,230,240,245,249,249,249,251,251,251,249,249,247,247,247,245,243,236,232,220,209,199,191,189,185,182,178,178,176,174,170,166,164,160,155,153,149,151,151,158,164,172,180,187,193,193,193,191,191,191,191,189,189,187,187,185,182,178,174,164,153,0,0,0,0,0,0,0,0,0,0,0,0,0,0,0,0,0,0,0,0,0,0,0,0,0,0,0,0,0,0,0,0,0,0,0,0,0,0
0,0,0,0,0,0,0,0,0,0,0,0,0,0,0,0,0,0,0,0,0,0,0,0,0,0,0,0,0,0,0,0,0,0,0,0,0,0,0,0,0,0,0,0,0,0,141,160,174,187,189,193,197,201,209,216,222,226,226,228,222,216,205,197,185,174,166,158,162,168,176,185,193,201,209,220,220,220,220,220,220,222,222,222,222,222,224,228,230,234,234,234,234,234,232,230,226,222,214,205,201,199,201,205,209,214,224,232,234,236,236,234,234,234,230,228,224,222,216,211,207,205,207,209,218,224,230,236,238,240,240,238,238,238,238,238,238,238,238,238,236,234,234,236,236,238,238,238,238,238,240,240,240,240,238,236,234,234,234,236,236,236,236,234,234,236,236,236,236,234,232,230,232,234,234,234,232,230,230,230,230,228,228,228,226,222,216,209,197,187,180,174,170,168,162,158,151,147,145,143,141,139,135,131,131,129,135,139,145,151,153,158,160,162,160,160,153,147,135,0,0,0,0,0,133,149,164,176,178,180,176,174,174,172,170,170,170,170,170,170,168,168,168,168,160,0,0,0,0,0,0,0,0,0,0,0,0,0,0,133,143,153,160,166,172,180,185,191,199,209,218,228,234,243,247,251,249,249,249,251,249,249,249,247,247,247,245,243,236,230,218,205,197,189,187,185,180,178,178,176,174,172,170,166,162,158,153,149,151,153,160,166,174,182,187,191,189,189,187,185,185,187,187,187,187,187,182,180,174,170,153,0,0,0,0,0,0,0,0,0,0,0,0,0,0,0,0,0,0,0,0,0,0,0,0,0,0,0,0,0,0,0,0,0,0,0,0,0,0,0
0,0,0,0,0,0,0,0,0,0,0,0,0,0,0,0,0,0,0,0,0,0,0,0,0,0,0,0,0,0,0,0,0,0,0,0,0,0,0,0,0,0,0,0,0,0,0,143,162,180,185,191,193,195,201,207,214,220,222,222,218,211,203,195,185,174,168,160,164,170,178,187,195,203,209,218,216,216,214,214,214,214,214,214,214,216,218,222,224,228,230,230,232,232,230,230,226,220,214,207,205,201,205,209,214,220,226,234,236,236,234,234,230,228,224,220,214,209,205,199,195,193,193,195,203,209,220,230,234,240,238,238,238,238,238,238,238,238,238,238,236,234,234,236,236,238,238,238,238,238,238,238,238,238,236,236,236,236,236,236,236,236,234,234,234,236,236,236,236,236,234,232,232,232,232,230,230,228,228,230,230,228,228,230,228,226,222,218,209,199,193,185,180,174,168,164,160,158,155,153,151,149,145,143,137,133,131,0,131,133,135,137,141,143,141,139,0,0,0,0,0,0,0,0,139,162,174,187,185,185,178,174,172,170,168,168,168,168,168,168,168,168,166,0,0,0,0,0,0,0,0,0,0,0,0,0,0,0,137,147,155,164,168,174,178,185,189,195,205,214,224,232,238,245,247,251,249,247,247,247,247,247,247,247,247,247,245,243,232,224,211,201,193,187,182,180,180,178,178,178,176,174,170,166,162,158,153,151,151,153,160,166,172,178,182,187,187,187,187,185,185,185,182,182,180,176,170,166,155,0,0,0,0,0,0,0,0,0,0,0,0,0,0,0,0,0,0,0,0,0,0,0,0,0,0,0,0,0,0,0,0,0,0,0,0,0,0,0,0,0
0,0,0,0,0,0,0,0,0,0,0,0,0,0,0,0,0,0,0,0,0,0,0,0,0,0,0,0,0,0,0,0,0,0,0,0,0,0,0,0,0,0,0,0,0,0,0,0,149,174,182,189,189,189,195,201,207,214,216,218,214,209,203,195,185,176,170,164,168,172,180,189,197,205,211,216,214,211,209,207,205,205,205,205,207,209,214,216,220,222,224,228,230,232,230,230,224,220,216,209,207,205,209,214,218,224,230,238,238,238,234,232,228,224,218,211,205,199,193,189,185,180,180,180,189,197,211,226,232,238,238,238,238,238,238,238,240,240,240,238,236,236,236,236,238,240,238,238,238,238,238,238,236,236,236,236,236,236,236,238,236,236,234,234,234,236,236,236,236,236,234,234,232,232,230,228,226,226,228,230,230,230,230,230,230,230,228,226,220,214,205,197,189,180,174,170,168,166,164,164,162,162,158,155,145,137,0,0,0,0,0,0,0,0,0,0,0,0,0,0,0,0,0,0,147,174,187,199,193,189,180,174,170,168,168,166,166,168,166,166,166,0,0,0,0,0,0,0,0,0,0,0,0,0,0,0,0,143,153,162,168,174,178,182,185,189,195,201,209,220,228,236,243,247,249,251,249,247,247,245,245,245,247,247,247,249,245,243,230,220,207,195,189,182,180,178,178,178,180,180,178,174,170,166,162,158,153,151,153,155,160,166,170,176,180,185,185,187,187,187,185,182,180,180,174,168,158,149,0,0,0,0,0,0,0,0,0,0,0,0,0,0,0,0,0,0,0,0,0,0,0,0,0,0,0,0,0,0,0,0,0,0,0,0,0,0,0,0,0,0
0,0,0,0,0,0,0,0,0,0,0,0,0,0,0,0,0,0,0,0,0,0,0,0,0,0,0,0,0,0,0,0,0,0,0,0,0,0,0,0,0,0,0,0,0,0,0,0,0,141,158,174,180,187,191,195,199,203,207,209,207,207,201,195,187,176,170,164,170,174,180,189,195,201,205,209,205,203,199,197,197,195,197,197,199,201,205,207,211,216,220,222,226,230,230,230,224,220,216,214,211,209,214,216,222,228,234,240,238,236,232,228,222,218,209,203,197,189,185,178,176,174,172,172,180,187,203,218,228,236,238,240,240,240,238,238,238,238,238,238,238,238,236,234,234,234,230,226,224,224,224,226,228,230,232,234,236,238,238,238,238,236,236,234,236,236,236,236,236,236,234,234,230,228,224,220,218,218,218,220,218,218,220,222,226,228,228,228,224,222,216,209,199,191,185,176,174,170,168,168,166,164,162,160,153,147,139,0,0,0,0,0,0,0,0,0,0,0,0,0,0,0,0,0,137,160,172,185,180,178,172,168,166,164,164,162,164,166,166,166,0,0,0,0,0,0,0,0,0,0,0,0,0,0,0,0,143,155,164,170,174,178,182,187,191,195,203,209,218,228,234,240,245,247,249,249,247,245,245,245,245,245,245,247,247,249,243,238,226,214,201,191,185,180,180,180,180,182,182,182,178,176,170,166,162,158,153,149,149,151,158,164,168,174,176,180,180,180,176,174,168,162,160,155,147,0,0,0,0,0,0,0,0,0,0,0,0,0,0,0,0,0,0,0,0,0,0,0,0,0,0,0,0,0,0,0,0,0,0,0,0,0,0,0,0,0,0,0,0,0
0,0,0,0,0,0,0,0,0,0,0,0,0,0,0,0,0,0,0,0,0,0,0,0,0,0,0,0,0,0,0,0,0,0,0,0,0,0,0,0,0,0,0,0,0,0,0,0,0,0,0,160,174,187,189,191,193,195,197,201,203,205,201,197,187,178,172,166,170,176,180,187,193,197,199,201,197,195,191,189,187,187,189,189,191,193,197,201,205,209,214,218,224,230,230,230,226,220,218,218,216,216,218,220,226,232,236,243,238,236,228,222,216,211,203,195,187,180,174,170,168,168,166,166,172,178,195,209,222,236,238,240,240,243,240,238,238,236,236,238,238,240,236,234,232,228,222,214,211,209,211,214,218,222,228,232,236,238,238,240,238,238,236,236,236,236,236,238,238,238,236,234,228,224,218,211,209,209,209,209,207,207,211,216,220,226,228,232,230,230,224,220,211,201,193,185,180,176,174,172,170,168,168,166,162,158,149,139,0,0,0,0,0,0,0,0,0,0,0,0,0,0,0,0,0,147,158,170,168,168,166,164,162,162,160,158,162,164,0,0,0,0,0,0,0,0,0,0,0,0,0,0,0,0,0,145,158,170,174,178,180,182,187,191,197,203,211,220,226,234,238,245,247,249,247,247,245,243,243,245,245,245,245,245,247,249,240,234,220,207,197,187,180,176,178,180,182,185,185,185,180,178,172,166,162,158,151,145,145,147,153,162,166,172,174,176,176,176,168,162,151,143,0,0,0,0,0,0,0,0,0,0,0,0,0,0,0,0,0,0,0,0,0,0,0,0,0,0,0,0,0,0,0,0,0,0,0,0,0,0,0,0,0,0,0,0,0,0,0,0
0,0,0,0,0,0,0,0,0,0,0,0,0,0,0,0,0,0,0,0,0,0,0,0,0,0,0,0,0,0,0,0,0,0,0,0,0,0,0,0,0,0,0,0,0,0,0,0,0,0,0,0,141,162,174,187,189,193,195,197,199,199,197,195,187,178,172,166,170,174,180,187,191,195,195,195,191,187,185,180,178,178,180,180,185,187,189,193,199,205,211,216,222,228,228,228,224,220,218,218,218,218,220,224,228,234,236,240,236,232,224,214,207,201,195,187,180,176,172,168,164,160,162,162,170,176,191,205,220,234,238,240,240,243,240,238,238,236,236,238,238,238,234,230,222,214,205,199,195,193,195,197,201,207,214,222,228,236,236,238,236,236,234,234,234,234,234,236,234,232,230,226,222,216,209,203,203,201,199,199,199,197,201,205,209,216,222,228,228,230,228,224,218,211,203,197,193,187,182,180,176,172,170,168,166,164,158,151,139,0,0,0,0,0,0,0,0,0,0,0,0,0,0,0,0,0,141,153,155,158,155,153,149,145,143,0,0,0,0,0,0,0,0,0,0,0,0,0,0,0,0,0,0,0,0,153,164,174,178,180,185,187,191,197,203,211,220,226,232,238,243,245,245,247,245,243,240,238,240,243,243,243,245,247,247,247,236,226,214,203,193,182,178,176,178,180,182,185,185,182,180,176,172,166,160,153,145,139,139,139,145,153,158,164,162,162,158,153,145,0,0,0,0,0,0,0,0,0,0,0,0,0,0,0,0,0,0,0,0,0,0,0,0,0,0,0,0,0,0,0,0,0,0,0,0,0,0,0,0,0,0,0,0,0,0,0,0,0,0,0
0,0,0,0,0,0,0,0,0,0,0,0,0,0,0,0,0,0,0,0,0,0,0,0,0,0,0,0,0,0,0,0,0,0,0,0,0,0,0,0,0,0,0,0,0,0,0,0,0,0,0,0,0,139,160,180,187,191,193,195,195,195,193,193,185,178,172,166,170,174,178,185,189,191,191,189,185,180,176,172,170,170,172,174,176,180,182,187,193,201,207,216,220,226,226,226,224,220,220,218,220,222,224,228,232,236,238,240,234,228,218,207,199,193,187,180,176,172,168,166,160,153,155,158,166,176,189,201,218,234,236,240,240,243,240,240,238,236,238,238,238,238,230,224,211,199,191,182,180,178,180,182,187,191,201,211,222,234,236,238,236,234,232,232,232,234,234,234,230,228,224,220,214,209,203,197,195,193,191,191,189,187,191,195,201,207,216,224,226,230,230,230,224,220,216,209,205,199,193,189,182,176,172,170,170,168,166,166,155,145,0,0,0,0,0,0,0,0,0,0,0,0,0,0,0,0,0,137,143,149,147,143,0,0,0,0,0,0,0,0,0,0,0,0,0,0,0,0,0,0,0,0,0,0,143,162,170,178,182,185,189,191,197,203,211,220,228,234,238,243,245,247,245,245,243,238,236,236,238,240,243,243,245,247,245,245,232,220,209,197,189,180,178,174,178,182,185,187,185,182,180,176,172,168,158,149,141,133,133,133,139,145,149,153,151,147,139,0,0,0,0,0,0,0,0,0,0,0,0,0,0,0,0,0,0,0,0,0,0,0,0,0,0,0,0,0,0,0,0,0,0,0,0,0,0,0,0,0,0,0,0,0,0,0,0,0,0,0,0,0
0,0,0,0,0,0,0,0,0,0,0,0,0,0,0,0,0,0,0,0,0,0,0,0,0,0,0,0,0,0,0,0,0,0,0,0,0,0,0,0,0,0,0,0,0,0,0,0,0,0,0,0,0,0,0,147,162,176,182,189,189,191,191,191,182,176,170,164,166,170,176,182,185,189,187,185,180,176,172,168,166,164,166,168,172,174,178,182,191,197,205,214,218,224,224,224,220,218,218,220,222,224,228,230,234,238,236,236,228,220,209,199,193,187,180,174,172,170,166,164,158,153,158,162,170,178,189,201,218,232,236,240,243,243,240,240,238,236,238,238,236,236,226,218,203,191,182,174,172,170,172,174,176,180,189,199,211,226,230,236,236,236,234,234,232,230,226,224,218,214,211,207,203,201,197,195,191,189,187,187,185,182,185,187,193,199,207,218,224,228,228,228,226,222,220,216,214,209,205,199,193,187,182,178,174,170,168,166,162,155,141,0,0,0,0,0,0,0,0,0,0,0,0,0,0,0,0,0,0,0,0,0,0,0,0,0,0,0,0,0,0,0,0,0,0,0,0,0,0,0,0,0,0,0,149,168,174,182,187,191,195,199,205,211,218,226,230,236,238,240,243,243,240,240,236,232,230,230,234,236,238,243,245,247,243,240,228,216,205,195,187,180,178,176,180,182,185,187,185,185,180,176,172,166,158,147,137,0,0,0,0,0,0,0,0,0,0,0,0,0,0,0,0,0,0,0,0,0,0,0,0,0,0,0,0,0,0,0,0,0,0,0,0,0,0,0,0,0,0,0,0,0,0,0,0,0,0,0,0,0,0,0,0,0,0,0,0,0,0,0
0,0,0,0,0,0,0,0,0,0,0,0,0,0,0,0,0,0,0,0,0,0,0,0,0,0,0,0,0,0,0,0,0,0,0,0,0,0,0,0,0,0,0,0,0,0,0,0,0,0,0,0,0,0,0,0,137,160,170,182,185,187,187,189,180,174,168,162,164,166,172,180,182,185,182,180,176,172,168,164,160,158,160,162,166,170,174,180,187,193,201,211,216,222,220,220,218,218,218,220,224,228,232,234,236,238,236,232,222,214,203,193,189,182,176,170,168,168,164,162,158,151,158,166,172,180,191,201,216,232,236,240,243,245,243,240,238,238,238,238,236,234,222,209,197,182,174,168,166,164,164,166,168,170,178,185,201,218,226,234,234,236,236,236,230,226,220,214,205,199,197,195,193,193,193,193,189,185,182,182,180,178,178,180,185,191,201,211,220,228,228,228,226,226,224,224,222,220,216,211,203,197,191,187,178,172,170,168,168,168,158,149,135,0,0,0,0,0,0,0,0,0,0,0,0,0,0,0,0,0,0,0,0,0,0,0,0,0,0,0,0,0,0,0,0,0,0,0,0,0,0,0,0,141,158,172,178,187,191,195,201,205,211,220,224,230,234,240,240,240,238,238,236,234,230,224,224,226,230,234,236,240,243,245,240,236,222,209,201,191,187,180,180,178,180,185,187,189,187,185,180,176,170,166,155,145,135,0,0,0,0,0,0,0,0,0,0,0,0,0,0,0,0,0,0,0,0,0,0,0,0,0,0,0,0,0,0,0,0,0,0,0,0,0,0,0,0,0,0,0,0,0,0,0,0,0,0,0,0,0,0,0,0,0,0,0,0,0,0,0
0,0,0,0,0,0,0,0,0,0,0,0,0,0,0,0,0,0,0,0,0,0,0,0,0,0,0,0,0,0,0,0,0,0,0,0,0,0,0,0,0,0,0,0,0,0,0,0,0,0,0,0,0,0,0,0,0,0,137,155,164,174,174,176,172,166,158,151,153,155,164,174,176,180,176,174,172,170,166,164,160,158,158,158,162,164,170,178,185,193,199,207,214,220,220,220,220,218,220,222,226,230,232,236,236,238,232,226,216,205,195,187,182,178,174,170,168,164,160,158,153,151,160,168,174,182,193,203,218,234,236,240,243,243,243,240,238,238,238,238,234,232,220,207,195,182,174,166,162,160,158,158,162,166,172,178,193,207,220,230,232,236,234,232,222,214,205,197,191,187,187,187,187,189,191,191,189,185,182,180,178,176,176,178,182,185,195,203,214,224,226,228,228,226,226,224,224,224,220,218,214,207,203,199,193,187,180,174,172,168,164,158,149,143,133,0,0,0,0,0,0,0,0,0,0,0,0,0,0,0,0,0,0,0,0,0,0,0,0,0,0,0,0,0,0,0,0,0,0,0,0,0,0,143,160,174,180,187,193,197,203,209,216,224,228,232,234,238,236,236,234,234,230,226,224,220,222,224,228,232,234,238,240,243,238,234,222,209,201,193,187,182,182,185,187,189,189,189,187,185,180,176,170,164,151,141,0,0,0,0,0,0,0,0,0,0,0,0,0,0,0,0,0,0,0,0,0,0,0,0,0,0,0,0,0,0,0,0,0,0,0,0,0,0,0,0,0,0,0,0,0,0,0,0,0,0,0,0,0,0,0,0,0,0,0,0,0,0,0,0
0,0,0,0,0,0,0,0,0,0,0,0,0,0,0,0,0,0,0,0,0,0,0,0,0,0,0,0,0,0,0,0,0,0,0,0,0,0,0,0,0,0,0,0,0,0,0,0,0,0,0,0,0,0,0,0,0,0,0,0,143,160,164,166,162,158,149,143,143,145,155,166,170,176,172,170,168,168,166,164,160,158,155,153,155,160,168,176,182,191,197,205,211,218,218,220,220,220,222,224,228,232,234,236,236,238,228,220,207,197,189,180,176,174,172,170,166,162,158,151,151,151,162,172,176,182,195,205,220,234,238,243,243,243,243,243,240,238,238,236,232,230,218,205,193,182,174,166,160,155,153,151,158,162,168,172,187,199,214,228,232,234,232,228,216,203,191,180,176,174,176,178,180,185,189,191,187,185,182,180,178,174,176,176,178,180,189,197,207,220,224,228,228,228,226,226,226,228,226,226,222,218,214,211,205,199,191,182,176,170,168,166,164,164,155,149,141,133,0,0,0,0,0,0,0,0,0,0,0,0,0,0,0,0,0,0,0,0,0,0,0,0,0,0,0,0,0,0,0,0,0,0,0,147,162,176,182,189,195,201,207,214,220,228,232,236,236,236,234,234,232,230,224,220,218,216,218,222,226,230,232,236,238,243,236,232,222,211,201,193,189,187,187,189,191,193,191,191,189,187,180,176,170,164,149,137,0,0,0,0,0,0,0,0,0,0,0,0,0,0,0,0,0,0,0,0,0,0,0,0,0,0,0,0,0,0,0,0,0,0,0,0,0,0,0,0,0,0,0,0,0,0,0,0,0,0,0,0,0,0,0,0,0,0,0,0,0,0,0,0
0,0,0,0,0,0,0,0,0,0,0,0,0,0,0,0,0,0,0,0,0,0,0,0,0,0,0,0,0,0,0,0,0,0,0,0,0,0,0,0,0,0,0,0,0,0,0,0,0,0,0,0,0,0,0,0,0,0,0,0,0,0,0,0,0,0,0,0,126,129,141,151,158,166,166,168,168,168,166,164,162,160,155,153,155,158,166,174,182,189,197,203,207,214,216,218,220,222,222,224,228,232,234,236,234,232,222,211,201,191,185,176,174,172,170,166,162,155,151,149,151,153,164,172,178,185,195,207,222,236,238,243,243,243,243,243,240,240,238,238,234,230,218,205,195,182,174,168,160,153,151,147,153,160,166,172,185,197,211,228,230,234,228,222,205,191,182,172,172,170,172,174,178,182,187,191,189,187,185,182,178,176,176,176,176,178,185,193,203,216,222,228,226,226,224,224,226,228,228,228,226,224,220,218,216,214,205,197,191,182,176,170,168,166,164,160,153,149,141,133,0,0,0,0,0,0,0,0,0,0,0,0,0,0,0,0,0,0,0,0,0,0,0,0,0,0,0,0,0,0,0,0,0,145,160,174,180,187,193,199,205,211,218,224,228,232,234,234,232,230,228,226,222,218,216,216,218,222,224,228,232,236,238,243,238,234,224,216,207,199,195,193,195,197,197,197,193,191,189,187,182,178,168,160,145,133,0,0,0,0,0,0,0,0,0,0,0,0,0,0,0,0,0,0,0,0,0,0,0,0,0,0,0,0,0,0,0,0,0,0,0,0,0,0,0,0,0,0,0,0,0,0,0,0,0,0,0,0,0,0,0,0,0,0,0,0,0,0,0,0
0,0,0,0,0,0,0,0,0,0,0,0,0,0,0,0,0,0,0,0,0,0,0,0,0,0,0,0,0,0,0,0,0,0,0,0,0,0,0,0,0,0,0,0,0,0,0,0,0,0,0,0,0,0,0,0,0,0,0,0,0,0,0,0,0,0,0,0,0,0,0,137,147,158,162,166,168,170,168,166,162,160,155,153,155,158,164,172,180,189,195,203,205,209,214,216,220,222,224,224,228,234,234,236,232,228,216,205,195,185,178,174,172,170,166,162,155,151,147,145,151,158,166,174,180,187,197,209,224,236,240,243,243,243,243,243,243,243,240,238,234,232,220,207,195,182,176,168,162,153,149,143,149,158,164,170,182,193,209,228,230,232,224,214,197,178,172,166,166,166,168,172,176,180,185,189,189,189,187,185,180,178,176,176,176,176,182,189,199,211,220,228,226,226,224,222,224,228,228,230,230,228,228,226,226,226,220,214,205,195,185,176,172,170,170,170,168,166,158,151,141,131,0,0,0,0,0,0,0,0,0,0,0,0,0,0,0,0,0,0,0,0,0,0,0,0,0,0,0,0,0,0,0,143,158,174,180,187,191,197,203,209,216,222,226,230,232,232,230,228,226,224,220,216,216,216,218,222,224,228,232,236,238,243,238,234,226,220,211,205,203,199,201,203,203,201,195,191,189,187,182,178,168,158,143,0,0,0,0,0,0,0,0,0,0,0,0,0,0,0,0,0,0,0,0,0,0,0,0,0,0,0,0,0,0,0,0,0,0,0,0,0,0,0,0,0,0,0,0,0,0,0,0,0,0,0,0,0,0,0,0,0,0,0,0,0,0,0,0,0
0,0,0,0,0,0,0,0,0,0,0,0,0,0,0,0,0,0,0,0,0,0,0,0,0,0,0,0,0,0,0,0,0,0,0,0,0,0,0,0,0,0,0,0,0,0,0,0,0,0,0,0,0,0,0,0,0,0,0,0,0,0,0,0,0,0,0,0,0,0,0,0,131,143,151,158,162,168,168,166,164,162,160,155,158,160,164,170,178,185,193,201,205,209,211,216,218,220,222,224,228,232,234,234,228,222,209,197,189,180,176,172,170,166,162,155,151,147,147,149,155,164,170,176,182,189,201,214,226,236,240,243,243,240,240,240,240,240,240,238,236,232,222,209,197,185,176,170,162,155,151,145,151,158,164,170,182,193,209,228,228,230,218,207,191,174,170,164,164,164,168,172,176,182,185,189,189,189,187,187,185,182,180,178,178,176,180,185,195,205,216,226,226,228,224,222,224,226,226,228,226,224,224,224,224,226,224,220,216,211,201,193,187,180,176,172,170,168,164,158,151,143,137,133,0,0,0,0,0,0,0,0,0,0,0,0,0,0,0,0,0,0,0,0,0,0,0,0,0,0,0,0,0,0,153,172,178,185,189,193,199,205,211,218,220,224,226,226,226,224,222,220,218,216,216,216,218,220,224,226,230,234,236,238,236,234,228,224,220,216,211,207,207,207,205,201,195,191,189,187,180,174,164,153,141,0,0,0,0,0,0,0,0,0,0,0,0,0,0,0,0,0,0,0,0,0,0,0,0,0,0,0,0,0,0,0,0,0,0,0,0,0,0,0,0,0,0,0,0,0,0,0,0,0,0,0,0,0,0,0,0,0,0,0,0,0,0,0,0,0
0,0,0,0,0,0,0,0,0,0,0,0,0,0,0,0,0,0,0,0,0,0,0,0,0,0,0,0,0,0,0,0,0,0,0,0,0,0,0,0,0,0,0,0,0,0,0,0,0,0,0,0,0,0,0,0,0,0,0,0,0,0,0,0,0,0,0,0,0,0,0,0,0,131,141,151,158,166,168,168,166,164,162,160,160,162,166,170,176,182,191,199,203,207,211,214,216,220,222,224,228,232,232,232,224,216,203,191,185,178,174,170,166,164,158,151,147,143,147,153,162,170,174,178,185,193,205,218,228,238,240,243,243,240,240,238,238,238,238,240,236,234,224,211,199,187,178,170,164,160,153,149,153,158,164,172,182,193,209,228,228,230,214,199,185,170,166,164,162,162,166,172,176,182,187,189,189,189,189,189,187,187,182,180,178,178,180,182,193,201,214,224,228,230,226,222,222,224,224,224,222,222,222,222,224,226,226,228,226,226,218,209,199,191,182,176,174,172,168,164,160,158,151,147,137,126,0,0,0,0,0,0,0,0,0,0,0,0,0,0,0,0,0,0,0,0,0,0,0,0,0,0,0,0,147,170,176,182,187,191,195,201,207,211,216,218,220,222,220,220,218,218,216,214,214,216,216,218,222,226,228,232,234,236,234,234,232,230,226,224,220,218,216,214,207,201,195,191,189,187,178,172,160,149,141,0,0,0,0,0,0,0,0,0,0,0,0,0,0,0,0,0,0,0,0,0,0,0,0,0,0,0,0,0,0,0,0,0,0,0,0,0,0,0,0,0,0,0,0,0,0,0,0,0,0,0,0,0,0,0,0,0,0,0,0,0,0,0,0,0
0,0,0,0,0,0,0,0,0,0,0,0,0,0,0,0,0,0,0,0,0,0,0,0,0,0,0,0,0,0,0,0,0,0,0,0,0,0,0,0,0,0,0,0,0,0,0,0,0,0,0,0,0,0,0,0,0,0,0,0,0,0,0,0,0,0,0,0,0,0,0,0,0,0,126,139,149,158,162,164,164,166,164,164,162,162,166,170,176,182,189,197,203,207,211,214,216,218,220,222,224,228,228,226,218,209,197,187,180,176,172,170,164,158,153,147,147,147,153,160,166,172,176,182,189,197,207,220,228,236,240,243,243,240,240,238,238,238,236,236,234,234,222,211,199,187,178,172,166,160,155,151,155,160,166,172,185,195,211,228,228,228,211,195,182,168,164,160,160,162,166,172,176,182,187,189,191,191,191,191,191,189,185,182,180,178,178,180,189,199,209,222,228,232,228,226,224,222,220,218,214,211,209,207,209,211,214,218,220,224,220,218,211,203,197,191,185,180,174,170,166,164,160,155,147,139,124,0,0,0,0,0,0,0,0,0,0,0,0,0,0,0,0,0,0,0,0,0,0,0,0,0,0,0,0,160,170,180,185,189,191,195,201,205,207,209,211,214,216,216,216,216,214,214,216,216,218,218,222,224,226,230,230,232,232,232,230,228,224,220,216,211,209,207,201,197,191,187,185,182,174,164,153,143,0,0,0,0,0,0,0,0,0,0,0,0,0,0,0,0,0,0,0,0,0,0,0,0,0,0,0,0,0,0,0,0,0,0,0,0,0,0,0,0,0,0,0,0,0,0,0,0,0,0,0,0,0,0,0,0,0,0,0,0,0,0,0,0,0,0
0,0,0,0,0,0,0,0,0,0,0,0,0,0,0,0,0,0,0,0,0,0,0,0,0,0,0,0,0,0,0,0,0,0,0,0,0,0,0,0,0,0,0,0,0,0,0,0,0,0,0,0,0,0,0,0,0,0,0,0,0,0,0,0,0,0,0,0,0,0,0,0,0,0,0,129,139,151,155,160,162,166,166,166,164,164,166,170,176,182,189,197,201,207,211,214,216,216,218,220,222,224,222,222,211,203,193,180,176,174,170,168,162,153,149,143,147,151,158,166,170,176,180,187,193,201,211,222,228,236,238,243,243,243,240,240,238,236,236,234,234,232,222,214,201,189,180,172,166,160,155,153,158,162,168,174,187,197,211,228,226,226,207,191,178,166,162,158,160,160,166,172,176,182,187,191,191,193,193,195,193,193,187,182,180,178,178,180,187,195,207,220,228,234,232,230,224,220,216,211,205,201,197,195,195,197,201,207,214,220,224,228,222,218,211,203,195,189,182,176,172,170,166,164,155,149,133,0,0,0,0,0,0,0,0,124,126,129,126,126,0,0,0,0,0,0,0,0,0,0,0,0,0,0,0,149,164,178,182,187,189,191,195,199,199,201,205,207,209,211,214,214,214,214,216,218,218,220,222,224,226,228,228,230,230,232,230,228,222,218,211,207,203,201,197,193,189,185,180,178,168,158,147,139,0,0,0,0,0,0,0,0,0,0,0,0,0,0,0,0,0,0,0,0,0,0,0,0,0,0,0,0,0,0,0,0,0,0,0,0,0,0,0,0,0,0,0,0,0,0,0,0,0,0,0,0,0,0,0,0,0,0,0,0,0,0,0,0,0,0
0,0,0,0,0,0,0,0,0,0,0,0,0,0,0,0,0,0,0,0,0,0,0,0,0,0,0,0,0,0,0,0,0,0,0,0,0,0,0,0,0,0,0,0,0,0,0,0,0,0,0,0,0,0,0,0,0,0,0,0,0,0,0,0,0,0,0,0,0,0,0,0,0,0,0,0,0,137,143,151,158,162,164,166,166,164,166,170,176,182,189,195,199,205,207,211,214,214,216,216,218,220,218,216,205,197,189,178,176,172,168,166,158,149,147,143,149,155,162,168,172,176,180,187,195,203,211,222,230,236,238,240,240,240,240,238,236,234,234,232,230,228,218,209,199,187,180,174,166,160,155,151,158,162,168,176,187,199,214,228,224,222,205,189,176,166,162,158,160,160,166,172,176,182,187,191,191,193,195,197,197,197,191,187,185,180,180,180,189,195,205,218,226,234,232,232,226,222,214,205,197,191,187,182,185,185,189,195,199,205,211,218,218,220,216,214,207,201,193,187,180,174,170,166,162,158,143,129,0,0,0,0,0,122,129,135,139,143,143,143,139,135,133,129,0,0,0,0,0,0,0,0,0,0,0,0,151,172,178,185,187,189,191,193,193,195,197,201,205,207,209,211,211,211,214,216,218,218,220,220,220,222,222,222,222,222,218,214,209,205,201,199,195,193,189,185,182,178,172,168,160,149,139,0,0,0,0,0,0,0,0,0,0,0,0,0,0,0,0,0,0,0,0,0,0,0,0,0,0,0,0,0,0,0,0,0,0,0,0,0,0,0,0,0,0,0,0,0,0,0,0,0,0,0,0,0,0,0,0,0,0,0,0,0,0,0,0,0,0,0
0,0,0,0,0,0,0,0,0,0,0,0,0,0,0,0,0,0,0,0,0,0,0,0,0,0,0,0,0,0,0,0,0,0,0,0,0,0,0,0,0,0,0,0,0,0,0,0,0,0,0,0,0,0,0,0,0,0,0,0,0,0,0,0,0,0,0,0,0,0,0,0,0,0,0,0,0,0,133,145,151,160,164,168,166,166,168,170,176,182,189,195,197,201,205,209,211,214,214,214,216,218,214,209,201,191,185,176,174,172,166,162,153,147,145,143,151,160,166,172,174,176,180,187,195,203,214,224,230,238,238,240,240,240,238,236,234,234,232,230,226,224,216,207,197,187,180,174,168,160,155,151,158,164,170,176,189,201,214,228,222,218,201,185,176,166,162,158,160,160,166,172,176,180,185,191,193,195,197,201,201,201,197,193,187,182,182,182,189,195,205,216,224,234,234,234,228,224,211,199,191,182,176,172,172,172,176,182,187,191,199,207,214,220,222,224,220,214,205,197,187,178,174,170,166,164,151,139,124,0,0,0,0,129,137,147,151,158,160,160,155,151,147,143,141,137,131,0,0,0,0,0,0,0,0,0,141,164,174,185,187,187,187,187,187,189,191,195,199,205,205,207,209,211,214,216,216,216,218,218,216,216,216,216,214,214,207,201,197,193,191,191,189,187,182,178,176,172,166,158,149,141,0,0,0,0,0,0,0,0,0,0,0,0,0,0,0,0,0,0,0,0,0,0,0,0,0,0,0,0,0,0,0,0,0,0,0,0,0,0,0,0,0,0,0,0,0,0,0,0,0,0,0,0,0,0,0,0,0,0,0,0,0,0,0,0,0,0,0,0
0,0,0,0,0,0,0,0,0,0,0,0,0,0,0,0,0,0,0,0,0,0,0,0,0,0,0,0,0,0,0,0,0,0,0,0,0,0,0,0,0,0,0,0,0,0,0,0,0,0,0,0,0,0,0,0,0,0,0,0,0,0,0,0,0,0,0,0,0,0,0,0,0,0,0,0,0,0,0,129,137,147,153,162,162,164,168,170,176,180,187,191,195,199,201,205,207,207,209,209,211,214,209,205,197,189,182,176,172,170,162,155,149,143,145,147,153,162,166,172,174,176,182,187,195,203,214,224,230,236,238,240,238,236,232,228,226,224,222,218,216,214,207,203,193,185,178,174,166,158,155,153,160,166,172,178,191,205,216,228,222,216,201,187,176,168,164,158,160,160,166,172,176,180,185,191,193,197,199,203,203,203,199,195,191,187,187,187,191,195,203,211,222,230,232,234,230,224,209,197,187,178,170,164,164,162,168,172,176,182,189,195,201,207,211,218,218,220,214,207,197,187,180,174,172,170,162,151,139,126,124,124,133,141,149,155,160,164,164,166,162,160,155,153,149,147,141,135,0,0,0,0,0,0,0,0,0,143,158,174,178,185,185,187,187,189,189,191,195,197,199,201,201,203,205,207,207,209,209,211,209,207,207,205,203,201,197,193,191,189,185,182,180,176,170,166,162,158,149,143,0,0,0,0,0,0,0,0,0,0,0,0,0,0,0,0,0,0,0,0,0,0,0,0,0,0,0,0,0,0,0,0,0,0,0,0,0,0,0,0,0,0,0,0,0,0,0,0,0,0,0,0,0,0,0,0,0,0,0,0,0,0,0,0,0,0,0,0,0,0
0,0,0,0,0,0,0,0,0,0,0,0,0,0,0,0,0,0,0,0,0,0,0,0,0,0,0,0,0,0,0,0,0,0,0,0,0,0,0,0,0,0,0,0,0,0,0,0,0,0,0,0,0,0,0,0,0,0,0,0,0,0,0,0,0,0,0,0,0,0,0,0,0,0,0,0,0,0,0,0,0,137,145,155,160,164,166,170,176,180,185,189,193,197,199,201,203,203,205,207,207,209,205,203,195,189,182,176,172,168,160,151,145,141,147,151,158,164,168,172,174,178,182,187,195,205,214,224,230,236,238,238,236,234,228,222,218,216,211,207,207,205,201,199,191,182,178,172,164,158,155,153,160,166,174,180,195,209,218,228,222,216,201,187,178,170,164,160,160,160,166,172,176,180,185,191,193,197,201,205,205,207,203,199,195,189,191,191,193,195,203,209,218,228,230,234,230,226,209,195,185,174,166,158,153,151,158,164,168,174,178,182,189,195,203,211,218,226,222,218,205,195,189,180,178,176,170,164,153,143,141,139,145,153,160,166,168,170,170,172,168,166,164,162,160,158,151,145,135,0,0,0,0,0,0,0,0,0,141,164,172,182,185,187,187,189,189,189,189,191,191,193,195,197,199,201,201,201,203,205,203,201,199,197,193,191,189,187,185,185,180,176,172,168,160,153,147,141,0,0,0,0,0,0,0,0,0,0,0,0,0,0,0,0,0,0,0,0,0,0,0,0,0,0,0,0,0,0,0,0,0,0,0,0,0,0,0,0,0,0,0,0,0,0,0,0,0,0,0,0,0,0,0,0,0,0,0,0,0,0,0,0,0,0,0,0,0,0,0,0
0,0,0,0,0,0,0,0,0,0,0,0,0,0,0,0,0,0,0,0,0,0,0,0,0,0,0,0,0,0,0,0,0,0,0,0,0,0,0,0,0,0,0,0,0,0,0,0,0,0,0,0,0,0,0,0,0,0,0,0,0,0,0,0,0,0,0,0,0,0,0,0,0,0,0,0,0,0,0,0,0,0,133,145,151,158,164,170,174,180,182,187,189,193,195,199,199,201,201,203,203,203,199,197,191,185,180,174,168,162,153,145,143,139,145,151,158,164,168,172,174,176,182,187,197,205,216,224,230,236,234,232,228,222,216,209,205,203,199,195,197,197,195,195,189,182,176,170,164,155,155,155,162,168,176,185,197,211,218,226,220,214,199,187,178,170,166,160,160,160,166,172,176,180,185,191,195,199,203,209,209,211,207,205,199,195,195,193,195,197,203,211,218,226,230,234,230,226,211,197,185,174,166,158,153,147,149,151,158,162,168,174,180,185,191,199,207,218,220,222,214,207,199,191,187,182,176,170,164,160,158,155,158,162,166,170,172,174,174,174,172,170,168,166,164,162,155,151,141,0,0,0,0,0,0,0,0,0,0,0,147,160,166,170,174,180,182,187,189,189,191,193,193,193,193,195,195,195,197,199,197,197,195,193,189,187,185,185,178,174,166,160,153,147,141,0,0,0,0,0,0,0,0,0,0,0,0,0,0,0,0,0,0,0,0,0,0,0,0,0,0,0,0,0,0,0,0,0,0,0,0,0,0,0,0,0,0,0,0,0,0,0,0,0,0,0,0,0,0,0,0,0,0,0,0,0,0,0,0,0,0,0,0,0,0,0,0,0,0,0
0,0,0,0,0,0,0,0,0,0,0,0,0,0,0,0,0,0,0,0,0,0,0,0,0,0,0,0,0,0,0,0,0,0,0,0,0,0,0,0,0,0,0,0,0,0,0,0,0,0,0,0,0,0,0,0,0,0,0,0,0,0,0,0,0,0,0,0,0,0,0,0,0,0,0,0,0,0,0,0,0,0,0,135,143,153,162,170,174,178,180,182,187,189,193,195,197,199,199,199,199,199,195,191,187,182,176,172,164,158,149,141,139,139,145,153,158,164,168,172,174,176,182,187,197,207,216,226,230,236,232,228,220,211,203,197,193,189,187,185,187,189,189,191,187,182,176,170,162,155,155,158,164,170,178,187,201,214,220,226,218,211,199,187,180,172,166,160,162,162,168,174,176,180,185,191,197,203,207,214,214,216,214,211,205,201,199,197,197,199,205,211,218,224,228,234,230,226,211,199,187,176,168,160,151,143,141,139,145,151,160,168,172,176,180,187,197,209,218,226,222,220,211,201,195,189,182,176,176,176,174,172,172,172,172,174,176,178,176,176,174,172,172,170,168,166,162,158,147,137,0,0,0,0,0,0,0,0,0,0,0,0,145,155,164,172,178,185,187,189,191,191,191,191,189,189,189,191,191,193,193,193,191,189,187,185,182,180,172,164,153,143,0,0,0,0,0,0,0,0,0,0,0,0,0,0,0,0,0,0,0,0,0,0,0,0,0,0,0,0,0,0,0,0,0,0,0,0,0,0,0,0,0,0,0,0,0,0,0,0,0,0,0,0,0,0,0,0,0,0,0,0,0,0,0,0,0,0,0,0,0,0,0,0,0,0,0,0,0,0
0,0,0,0,0,0,0,0,0,0,0,0,0,0,0,0,0,0,0,0,0,0,0,0,0,0,0,0,0,0,0,0,0,0,0,0,0,0,0,0,0,0,0,0,0,0,0,0,0,0,0,0,0,0,0,0,0,0,0,0,0,0,0,0,0,0,0,0,0,0,0,0,0,0,0,0,0,0,0,0,0,0,0,0,131,145,153,164,170,174,178,182,185,187,189,191,193,195,195,195,195,195,191,189,185,180,174,168,160,153,147,141,141,143,149,155,160,166,168,170,174,176,182,189,197,207,218,226,230,234,228,222,211,201,195,189,185,180,180,178,182,185,187,187,185,180,174,168,162,153,155,158,164,170,178,189,201,214,218,222,216,209,197,185,178,172,166,160,162,162,166,172,174,178,185,191,197,203,207,214,216,218,218,216,211,207,205,203,203,205,209,214,220,224,228,234,232,230,218,205,195,182,174,168,160,151,147,141,143,145,151,158,162,168,174,180,189,197,207,216,220,224,218,211,205,197,191,185,182,180,180,178,178,176,178,178,180,180,178,178,176,174,172,172,168,166,162,155,147,137,0,0,0,0,0,0,0,0,0,0,0,0,0,0,145,153,162,170,174,178,182,185,185,187,187,187,187,189,189,191,189,189,187,185,180,178,172,168,158,147,137,0,0,0,0,0,0,0,0,0,0,0,0,0,0,0,0,0,0,0,0,0,0,0,0,0,0,0,0,0,0,0,0,0,0,0,0,0,0,0,0,0,0,0,0,0,0,0,0,0,0,0,0,0,0,0,0,0,0,0,0,0,0,0,0,0,0,0,0,0,0,0,0,0,0,0,0,0,0,0
0,0,0,0,0,0,0,0,0,0,0,0,0,0,0,0,0,0,0,0,0,0,0,0,0,0,0,0,0,0,0,0,0,0,0,0,0,0,0,0,0,0,0,0,0,0,0,0,0,0,0,0,0,0,0,0,0,0,0,0,0,0,0,0,0,0,0,0,0,0,0,0,0,0,0,0,0,0,0,0,0,0,0,0,0,135,147,158,164,172,176,182,182,182,185,185,187,189,191,191,193,193,189,185,180,178,172,166,158,149,145,141,143,147,151,158,162,168,168,170,174,178,182,189,199,209,218,228,230,232,224,216,203,191,185,178,176,174,174,174,178,182,185,185,182,178,172,168,160,153,158,160,166,172,180,189,201,211,216,220,214,209,197,185,178,172,166,162,162,162,166,170,174,178,182,189,195,203,209,216,218,220,220,222,218,214,211,209,209,209,214,216,220,224,230,234,234,234,224,214,201,189,182,176,168,162,153,145,141,139,143,147,153,162,168,174,180,185,197,207,218,228,224,222,214,207,201,193,191,187,187,185,185,182,182,185,185,185,182,178,176,174,174,174,170,168,162,155,147,139,0,0,0,0,0,0,0,0,0,0,0,0,0,0,0,0,143,153,162,168,174,178,180,182,182,185,187,187,187,189,187,187,182,180,176,172,164,155,143,0,0,0,0,0,0,0,0,0,0,0,0,0,0,0,0,0,0,0,0,0,0,0,0,0,0,0,0,0,0,0,0,0,0,0,0,0,0,0,0,0,0,0,0,0,0,0,0,0,0,0,0,0,0,0,0,0,0,0,0,0,0,0,0,0,0,0,0,0,0,0,0,0,0,0,0,0,0,0,0,0
0,0,0,0,0,0,0,0,0,0,0,0,0,0,0,0,0,0,0,0,0,0,0,0,0,0,0,0,0,0,0,0,0,0,0,0,0,0,0,0,0,0,0,0,0,0,0,0,0,0,0,0,0,0,0,0,0,0,0,0,0,0,0,0,0,0,0,0,0,0,0,0,0,0,0,0,0,0,0,0,0,0,0,0,0,0,133,147,155,164,170,176,178,178,180,182,182,185,187,187,189,189,185,182,178,176,170,164,155,147,143,141,145,149,155,162,164,168,168,170,172,176,182,189,199,207,218,228,230,232,222,214,199,187,180,172,170,170,170,172,176,180,182,185,180,178,172,168,160,153,158,162,168,172,180,191,199,209,214,216,211,207,195,185,178,172,166,160,160,158,164,168,172,178,182,189,195,203,209,216,218,220,222,222,220,218,216,216,214,214,216,218,220,224,228,232,234,234,228,220,209,199,191,182,176,170,164,158,153,151,149,147,151,155,162,170,174,180,189,197,209,222,222,222,218,214,207,201,199,195,195,195,193,191,191,191,189,187,182,178,176,176,174,174,168,164,158,151,143,135,0,0,0,0,0,0,0,0,0,0,0,0,0,0,0,0,0,0,141,143,147,153,155,160,164,168,168,170,170,170,168,166,162,158,153,147,141,0,0,0,0,0,0,0,0,0,0,0,0,0,0,0,0,0,0,0,0,0,0,0,0,0,0,0,0,0,0,0,0,0,0,0,0,0,0,0,0,0,0,0,0,0,0,0,0,0,0,0,0,0,0,0,0,0,0,0,0,0,0,0,0,0,0,0,0,0,0,0,0,0,0,0,0,0,0,0,0,0,0,0
0,0,0,0,0,0,0,0,0,0,0,0,0,0,0,0,0,0,0,0,0,0,0,0,0,0,0,0,0,0,0,0,0,0,0,0,0,0,0,0,0,0,0,0,0,0,0,0,0,0,0,0,0,0,0,0,0,0,0,0,0,0,0,0,0,0,0,0,0,0,0,0,0,0,0,0,0,0,0,0,0,0,0,0,0,0,0,137,147,158,166,172,174,176,176,178,180,182,182,185,185,185,182,180,178,176,168,162,153,145,143,139,147,153,160,166,166,168,168,168,172,176,182,189,197,207,218,228,230,230,220,209,197,182,174,166,166,166,168,172,176,180,182,185,180,178,172,168,160,153,160,166,168,172,182,191,199,207,209,214,209,205,195,187,178,172,166,160,158,155,160,166,172,178,182,189,195,203,209,216,218,222,222,224,222,222,220,220,220,220,220,220,222,224,228,232,234,236,232,228,218,207,199,191,185,178,174,170,166,164,155,149,149,149,158,166,170,176,180,187,201,216,220,224,222,218,214,209,207,205,205,205,201,199,197,197,193,191,185,180,178,176,176,174,168,162,153,147,137,0,0,0,0,0,0,0,0,0,0,0,0,0,0,0,0,0,0,0,0,0,0,0,0,0,143,149,151,151,151,151,149,147,141,0,0,0,0,0,0,0,0,0,0,0,0,0,0,0,0,0,0,0,0,0,0,0,0,0,0,0,0,0,0,0,0,0,0,0,0,0,0,0,0,0,0,0,0,0,0,0,0,0,0,0,0,0,0,0,0,0,0,0,0,0,0,0,0,0,0,0,0,0,0,0,0,0,0,0,0,0,0,0,0,0,0,0,0,0,0,0
0,0,0,0,0,0,0,0,0,0,0,0,0,0,0,0,0,0,0,0,0,0,0,0,0,0,0,0,0,0,0,0,0,0,0,0,0,0,0,0,0,0,0,0,0,0,0,0,0,0,0,0,0,0,0,0,0,0,0,0,0,0,0,0,0,0,0,0,0,0,0,0,0,0,0,0,0,0,0,0,0,0,0,0,0,0,0,0,131,145,153,164,166,170,172,174,176,180,180,182,182,182,180,178,176,174,166,160,151,143,141,141,147,153,160,166,168,170,168,168,172,176,182,191,199,209,220,230,230,232,222,209,195,182,172,164,162,162,166,170,174,178,180,185,180,176,172,166,158,151,158,164,168,174,180,189,195,203,207,211,209,205,197,187,178,170,164,158,155,155,162,168,174,180,185,189,195,201,207,214,218,220,222,224,224,224,224,224,224,224,222,222,224,226,228,232,232,234,232,228,222,216,207,201,193,187,180,176,174,170,166,160,155,151,155,160,166,174,178,182,195,207,214,222,220,218,214,209,207,207,205,205,201,197,195,193,189,187,182,178,176,174,174,172,162,151,143,135,0,0,0,0,0,0,0,0,0,0,0,0,0,0,0,0,0,0,0,0,0,0,0,0,0,0,0,0,0,0,0,0,0,0,0,0,0,0,0,0,0,0,0,0,0,0,0,0,0,0,0,0,0,0,0,0,0,0,0,0,0,0,0,0,0,0,0,0,0,0,0,0,0,0,0,0,0,0,0,0,0,0,0,0,0,0,0,0,0,0,0,0,0,0,0,0,0,0,0,0,0,0,0,0,0,0,0,0,0,0,0,0,0,0,0,0,0,0,0,0,0,0
0,0,0,0,0,0,0,0,0,0,0,0,0,0,0,0,0,0,0,0,0,0,0,0,0,0,0,0,0,0,0,0,0,0,0,0,0,0,0,0,0,0,0,0,0,0,0,0,0,0,0,0,0,0,0,0,0,0,0,0,0,0,0,0,0,0,0,0,0,0,0,0,0,0,0,0,0,0,0,0,0,0,0,0,0,0,0,0,0,133,143,153,158,164,166,170,174,178,178,180,180,182,180,178,174,172,164,158,149,141,141,141,147,155,160,166,168,170,170,168,172,176,185,191,203,214,224,232,232,234,222,211,195,180,170,162,160,158,162,168,172,178,180,185,180,176,170,164,155,147,155,164,168,174,180,187,193,199,203,209,207,207,197,189,178,170,164,158,155,155,162,170,174,180,185,189,195,201,207,214,216,220,222,226,226,226,226,228,228,228,226,224,226,228,230,232,232,232,232,230,226,222,216,211,201,193,189,182,180,178,174,170,162,153,153,155,162,170,174,178,189,199,207,218,218,218,214,211,209,209,207,205,201,197,193,189,185,182,178,176,174,174,172,170,155,143,0,0,0,0,0,0,0,0,0,0,0,0,0,0,0,0,0,0,0,0,0,0,0,0,0,0,0,0,0,0,0,0,0,0,0,0,0,0,0,0,0,0,0,0,0,0,0,0,0,0,0,0,0,0,0,0,0,0,0,0,0,0,0,0,0,0,0,0,0,0,0,0,0,0,0,0,0,0,0,0,0,0,0,0,0,0,0,0,0,0,0,0,0,0,0,0,0,0,0,0,0,0,0,0,0,0,0,0,0,0,0,0,0,0,0,0,0,0,0,0,0,0,0,0
0,0,0,0,0,0,0,0,0,0,0,0,0,0,0,0,0,0,0,0,0,0,0,0,0,0,0,0,0,0,0,0,0,0,0,0,0,0,0,0,0,0,0,0,0,0,0,0,0,0,0,0,0,0,0,0,0,0,0,0,0,0,0,0,0,0,0,0,0,0,0,0,0,0,0,0,0,0,0,0,0,0,0,0,0,0,0,0,0,0,0,135,143,151,155,160,162,166,168,170,172,174,174,174,172,170,160,151,143,137,139,143,149,158,162,166,168,170,170,170,174,178,187,195,205,218,224,232,232,232,222,209,197,182,174,164,160,158,162,168,172,176,178,182,178,176,170,164,155,145,153,164,170,176,180,182,189,195,201,209,207,207,199,189,178,170,164,155,155,155,164,170,174,180,182,187,191,197,203,209,214,218,220,224,224,226,226,228,226,226,226,224,228,230,230,232,232,230,230,230,226,224,220,216,209,203,197,193,189,185,180,176,170,162,160,158,164,170,174,178,185,193,201,209,209,211,207,205,201,199,197,197,193,189,185,182,180,178,176,174,172,172,166,162,143,0,0,0,0,0,0,0,0,0,0,0,0,0,0,0,0,0,0,0,0,0,0,0,0,0,0,0,0,0,0,0,0,0,0,0,0,0,0,0,0,0,0,0,0,0,0,0,0,0,0,0,0,0,0,0,0,0,0,0,0,0,0,0,0,0,0,0,0,0,0,0,0,0,0,0,0,0,0,0,0,0,0,0,0,0,0,0,0,0,0,0,0,0,0,0,0,0,0,0,0,0,0,0,0,0,0,0,0,0,0,0,0,0,0,0,0,0,0,0,0,0,0,0,0,0
0,0,0,0,0,0,0,0,0,0,0,0,0,0,0,0,0,0,0,0,0,0,0,0,0,0,0,0,0,0,0,0,0,0,0,0,0,0,0,0,0,0,0,0,0,0,0,0,0,0,0,0,0,0,0,0,0,0,0,0,0,0,0,0,0,0,0,0,0,0,0,0,0,0,0,0,0,0,0,0,0,0,0,0,0,0,0,0,0,0,0,0,129,141,145,149,151,153,155,160,164,168,168,170,170,168,158,147,139,133,139,145,151,160,164,168,170,172,172,172,176,182,191,199,209,220,226,234,232,232,222,209,197,187,176,168,162,158,162,168,172,176,178,180,178,176,170,164,153,145,153,164,170,178,178,180,185,191,199,207,209,209,199,189,180,170,162,155,155,155,164,172,176,178,182,185,189,193,199,207,211,216,218,222,224,226,226,228,226,226,226,226,230,232,232,232,230,230,228,228,228,226,224,222,218,214,207,203,197,191,187,182,176,170,166,162,166,170,172,176,182,187,195,201,203,205,201,199,195,191,189,187,185,180,178,176,176,176,174,172,170,170,162,151,0,0,0,0,0,0,0,0,0,0,0,0,0,0,0,0,0,0,0,0,0,0,0,0,0,0,0,0,0,0,0,0,0,0,0,0,0,0,0,0,0,0,0,0,0,0,0,0,0,0,0,0,0,0,0,0,0,0,0,0,0,0,0,0,0,0,0,0,0,0,0,0,0,0,0,0,0,0,0,0,0,0,0,0,0,0,0,0,0,0,0,0,0,0,0,0,0,0,0,0,0,0,0,0,0,0,0,0,0,0,0,0,0,0,0,0,0,0,0,0,0,0,0,0,0,0
0,0,0,0,0,0,0,0,0,0,0,0,0,0,0,0,0,0,0,0,0,0,0,0,0,0,0,0,0,0,0,0,0,0,0,0,0,0,0,0,0,0,0,0,0,0,0,0,0,0,0,0,0,0,0,0,0,0,0,0,0,0,0,0,0,0,0,0,0,0,0,0,0,0,0,0,0,0,0,0,0,0,0,0,0,0,0,0,0,0,0,0,0,0,0,129,133,135,139,145,149,153,155,158,158,158,147,139,135,131,139,147,155,164,166,170,172,174,174,176,180,185,193,201,211,222,228,236,234,232,222,209,199,189,178,170,166,160,164,168,172,176,178,180,178,178,172,166,155,147,155,162,168,174,176,180,185,189,197,207,209,209,199,189,180,172,162,153,153,153,164,172,174,178,180,185,187,191,195,201,205,211,216,222,222,224,226,228,228,228,226,226,228,230,230,230,228,226,224,224,222,222,222,222,220,218,211,207,199,193,189,185,178,174,168,162,164,166,170,174,180,185,189,195,195,197,193,191,189,185,182,180,178,176,174,174,174,174,172,170,168,164,149,135,0,0,0,0,0,0,0,0,0,0,0,0,0,0,0,0,0,0,0,0,0,0,0,0,0,0,0,0,0,0,0,0,0,0,0,0,0,0,0,0,0,0,0,0,0,0,0,0,0,0,0,0,0,0,0,0,0,0,0,0,0,0,0,0,0,0,0,0,0,0,0,0,0,0,0,0,0,0,0,0,0,0,0,0,0,0,0,0,0,0,0,0,0,0,0,0,0,0,0,0,0,0,0,0,0,0,0,0,0,0,0,0,0,0,0,0,0,0,0,0,0,0,0,0,0,0
0,0,0,0,0,0,0,0,0,0,0,0,0,0,0,0,0,0,0,0,0,0,0,0,0,0,0,0,0,0,0,0,0,0,0,0,0,0,0,0,0,0,0,0,0,0,0,0,0,0,0,0,0,0,0,0,0,0,0,0,0,0,0,0,0,0,0,0,0,0,0,0,0,0,0,0,0,0,0,0,0,0,0,0,0,0,0,0,0,0,0,0,0,0,0,0,0,0,0,131,135,141,143,147,145,145,137,131,129,129,139,149,158,168,170,172,174,176,178,180,185,189,197,203,214,224,232,238,236,234,222,211,201,191,182,174,168,162,166,170,172,176,178,182,180,178,172,166,160,151,155,160,166,172,176,178,182,187,197,207,209,211,201,191,182,174,164,153,153,153,162,172,174,176,180,185,187,189,193,195,201,209,214,220,222,224,226,228,228,228,228,228,228,228,226,226,224,222,220,218,218,218,220,222,222,222,216,211,203,197,193,187,182,178,170,164,164,164,168,174,178,182,185,187,187,189,187,185,180,178,176,174,172,172,172,172,172,172,170,170,164,160,139,0,0,0,0,0,0,0,0,0,0,0,0,0,0,0,0,0,0,0,0,0,0,0,0,0,0,0,0,0,0,0,0,0,0,0,0,0,0,0,0,0,0,0,0,0,0,0,0,0,0,0,0,0,0,0,0,0,0,0,0,0,0,0,0,0,0,0,0,0,0,0,0,0,0,0,0,0,0,0,0,0,0,0,0,0,0,0,0,0,0,0,0,0,0,0,0,0,0,0,0,0,0,0,0,0,0,0,0,0,0,0,0,0,0,0,0,0,0,0,0,0,0,0,0,0,0,0
0,0,0,0,0,0,0,0,0,0,0,0,0,0,0,0,0,0,0,0,0,0,0,0,0,0,0,0,0,0,0,0,0,0,0,0,0,0,0,0,0,0,0,0,0,0,0,0,0,0,0,0,0,0,0,0,0,0,0,0,0,0,0,0,0,0,0,0,0,0,0,0,0,0,0,0,0,0,0,0,0,0,0,0,0,0,0,0,0,0,0,0,0,0,0,0,0,0,0,0,131,139,139,139,133,129,120,0,120,124,139,153,162,170,172,176,178,180,182,187,191,195,201,207,218,226,232,238,236,234,224,214,203,193,182,174,170,164,168,170,172,176,178,180,178,178,172,168,160,153,153,155,164,170,174,178,182,185,195,205,207,211,201,191,182,176,164,153,149,145,155,166,170,174,178,182,185,187,189,191,197,203,207,214,216,218,220,222,222,224,222,222,220,220,218,216,214,211,211,209,209,211,211,214,214,214,209,205,201,197,193,189,185,180,174,166,164,162,168,172,176,182,182,182,182,182,182,180,178,178,176,174,172,170,170,170,168,166,164,160,149,141,0,0,0,0,0,0,0,0,0,0,0,0,0,0,0,0,0,0,0,0,0,0,0,0,0,0,0,0,0,0,0,0,0,0,0,0,0,0,0,0,0,0,0,0,0,0,0,0,0,0,0,0,0,0,0,0,0,0,0,0,0,0,0,0,0,0,0,0,0,0,0,0,0,0,0,0,0,0,0,0,0,0,0,0,0,0,0,0,0,0,0,0,0,0,0,0,0,0,0,0,0,0,0,0,0,0,0,0,0,0,0,0,0,0,0,0,0,0,0,0,0,0,0,0,0,0,0,0
0,0,0,0,0,0,0,0,0,0,0,0,0,0,0,0,0,0,0,0,0,0,0,0,0,0,0,0,0,0,0,0,0,0,0,0,0,0,0,0,0,0,0,0,0,0,0,0,0,0,0,0,0,0,0,0,0,0,0,0,0,0,0,0,0,0,0,0,0,0,0,0,0,0,0,0,0,0,0,0,0,0,0,0,0,0,0,0,0,0,0,0,0,0,0,0,0,0,0,0,129,137,133,131,0,0,0,0,0,122,139,158,164,172,176,180,182,187,189,193,197,201,207,214,220,228,232,236,236,234,226,218,205,195,185,176,170,166,168,172,174,176,178,180,178,178,174,170,162,155,153,151,160,168,174,178,180,185,193,203,207,211,201,191,185,178,166,153,147,139,151,162,168,172,176,180,182,187,187,189,193,197,203,207,211,214,214,216,216,218,218,216,214,211,209,205,203,203,203,203,203,205,205,205,205,205,203,201,197,195,193,191,187,185,176,170,166,162,166,172,176,182,180,180,178,178,178,178,178,178,176,174,172,170,168,168,164,162,155,149,135,0,0,0,0,0,0,0,0,0,0,0,0,0,0,0,0,0,0,0,0,0,0,0,0,0,0,0,0,0,0,0,0,0,0,0,0,0,0,0,0,0,0,0,0,0,0,0,0,0,0,0,0,0,0,0,0,0,0,0,0,0,0,0,0,0,0,0,0,0,0,0,0,0,0,0,0,0,0,0,0,0,0,0,0,0,0,0,0,0,0,0,0,0,0,0,0,0,0,0,0,0,0,0,0,0,0,0,0,0,0,0,0,0,0,0,0,0,0,0,0,0,0,0,0,0,0,0,0,0
0,0,0,0,0,0,0,0,0,0,0,0,0,0,0,0,0,0,0,0,0,0,0,0,0,0,0,0,0,0,0,0,0,0,0,0,0,0,0,0,0,0,0,0,0,0,0,0,0,0,0,0,0,0,0,0,0,0,0,0,0,0,0,0,0,0,0,0,0,0,0,0,0,0,0,0,0,0,0,0,0,0,0,0,0,0,0,0,0,0,0,0,0,0,0,0,0,0,0,0,0,0,0,0,0,0,0,0,0,120,139,158,166,174,178,185,187,191,193,197,201,205,211,216,222,228,232,234,234,234,226,218,207,197,189,178,174,170,172,172,174,178,178,180,178,176,174,170,164,155,151,147,155,166,172,178,178,180,191,199,205,211,201,191,182,176,166,155,145,137,145,155,162,168,172,176,180,185,185,187,189,193,197,201,205,207,207,209,209,209,207,205,203,199,197,193,193,193,195,195,197,197,197,197,195,195,195,193,191,191,189,187,185,182,176,170,164,158,162,168,174,180,180,180,178,178,176,176,176,174,172,170,164,160,155,151,147,141,0,0,0,0,0,0,0,0,0,0,0,0,0,0,0,0,0,0,0,0,0,0,0,0,0,0,0,0,0,0,0,0,0,0,0,0,0,0,0,0,0,0,0,0,0,0,0,0,0,0,0,0,0,0,0,0,0,0,0,0,0,0,0,0,0,0,0,0,0,0,0,0,0,0,0,0,0,0,0,0,0,0,0,0,0,0,0,0,0,0,0,0,0,0,0,0,0,0,0,0,0,0,0,0,0,0,0,0,0,0,0,0,0,0,0,0,0,0,0,0,0,0,0,0,0,0,0,0,0,0,0,0
0,0,0,0,0,0,0,0,0,0,0,0,0,0,0,0,0,0,0,0,0,0,0,0,0,0,0,0,0,0,0,0,0,0,0,0,0,0,0,0,0,0,0,0,0,0,0,0,0,0,0,0,0,0,0,0,0,0,0,0,0,0,0,0,0,0,0,0,0,0,0,0,0,0,0,0,0,0,0,0,0,0,0,0,0,0,0,0,0,0,0,0,0,0,0,0,0,0,0,0,0,0,0,0,0,0,0,0,0,0,137,158,168,178,182,187,191,195,197,201,205,209,216,220,226,230,232,234,234,234,228,220,209,201,191,182,178,174,174,174,176,180,180,180,178,176,174,172,164,158,151,145,153,162,170,176,178,178,189,197,203,211,199,189,182,174,166,155,145,133,141,147,155,164,168,174,178,182,182,185,187,191,193,197,199,201,201,203,201,199,197,195,191,189,185,182,182,182,187,189,189,189,189,189,187,185,187,187,187,185,185,185,182,182,178,172,162,153,160,166,172,178,178,180,178,178,176,176,174,170,168,164,155,147,141,135,0,0,0,0,0,0,0,0,0,0,0,0,0,0,0,0,0,0,0,0,0,0,0,0,0,0,0,0,0,0,0,0,0,0,0,0,0,0,0,0,0,0,0,0,0,0,0,0,0,0,0,0,0,0,0,0,0,0,0,0,0,0,0,0,0,0,0,0,0,0,0,0,0,0,0,0,0,0,0,0,0,0,0,0,0,0,0,0,0,0,0,0,0,0,0,0,0,0,0,0,0,0,0,0,0,0,0,0,0,0,0,0,0,0,0,0,0,0,0,0,0,0,0,0,0,0,0,0,0,0,0,0,0,0
0,0,0,0,0,0,0,0,0,0,0,0,0,0,0,0,0,0,0,0,0,0,0,0,0,0,0,0,0,0,0,0,0,0,0,0,0,0,0,0,0,0,0,0,0,0,0,0,0,0,0,0,0,0,0,0,0,0,0,0,0,0,0,0,0,0,0,0,0,0,0,0,0,0,0,0,0,0,0,0,0,0,0,0,0,0,0,0,0,0,0,0,0,0,0,0,0,0,0,0,0,0,0,0,0,0,0,0,0,0,137,155,166,178,182,187,191,193,197,201,203,207,214,218,222,226,228,230,230,232,228,222,214,203,195,189,182,178,178,178,178,180,180,182,178,176,174,172,166,160,151,141,147,153,164,174,176,178,187,195,203,211,201,193,185,176,168,160,149,139,143,145,153,160,166,172,174,178,180,182,185,187,189,191,193,195,195,197,193,191,189,187,185,182,180,178,178,178,182,185,185,185,185,185,185,185,185,185,185,182,182,182,180,180,174,166,153,139,145,149,160,170,172,174,174,172,170,168,164,160,153,149,139,0,0,0,0,0,0,0,0,0,0,0,0,0,0,0,0,0,0,0,0,0,0,0,0,0,0,0,0,0,0,0,0,0,0,0,0,0,0,0,0,0,0,0,0,0,0,0,0,0,0,0,0,0,0,0,0,0,0,0,0,0,0,0,0,0,0,0,0,0,0,0,0,0,0,0,0,0,0,0,0,0,0,0,0,0,0,0,0,0,0,0,0,0,0,0,0,0,0,0,0,0,0,0,0,0,0,0,0,0,0,0,0,0,0,0,0,0,0,0,0,0,0,0,0,0,0,0,0,0,0,0,0,0,0,0,0,0
0,0,0,0,0,0,0,0,0,0,0,0,0,0,0,0,0,0,0,0,0,0,0,0,0,0,0,0,0,0,0,0,0,0,0,0,0,0,0,0,0,0,0,0,0,0,0,0,0,0,0,0,0,0,0,0,0,0,0,0,0,0,0,0,0,0,0,0,0,0,0,0,0,0,0,0,0,0,0,0,0,0,0,0,0,0,0,0,0,0,0,0,0,0,0,0,0,0,0,0,0,0,0,0,0,0,0,0,0,0,137,153,166,178,182,187,191,193,197,199,203,205,211,218,220,222,224,226,228,232,228,226,216,207,199,193,189,185,182,182,182,182,182,182,180,178,176,174,168,164,151,139,143,147,160,172,174,178,187,193,201,211,203,197,189,180,172,166,155,147,145,145,151,158,162,168,172,174,176,180,180,182,185,187,187,189,189,191,187,185,182,180,178,176,174,174,174,174,178,180,180,182,180,180,180,182,182,185,182,182,180,180,180,180,170,160,143,0,131,135,149,164,166,170,170,168,164,160,153,147,141,0,0,0,0,0,0,0,0,0,0,0,0,0,0,0,0,0,0,0,0,0,0,0,0,0,0,0,0,0,0,0,0,0,0,0,0,0,0,0,0,0,0,0,0,0,0,0,0,0,0,0,0,0,0,0,0,0,0,0,0,0,0,0,0,0,0,0,0,0,0,0,0,0,0,0,0,0,0,0,0,0,0,0,0,0,0,0,0,0,0,0,0,0,0,0,0,0,0,0,0,0,0,0,0,0,0,0,0,0,0,0,0,0,0,0,0,0,0,0,0,0,0,0,0,0,0,0,0,0,0,0,0,0,0,0,0,0,0,0
0,0,0,0,0,0,0,0,0,0,0,0,0,0,0,0,0,0,0,0,0,0,0,0,0,0,0,0,0,0,0,0,0,0,0,0,0,0,0,0,0,0,0,0,0,0,0,0,0,0,0,0,0,0,0,0,0,0,0,0,0,0,0,0,0,0,0,0,0,0,0,0,0,0,0,0,0,0,0,0,0,0,0,0,0,0,0,0,0,0,0,0,0,0,0,0,0,0,0,0,0,0,0,0,0,0,0,0,0,0,0,141,158,172,178,182,185,187,191,193,197,199,203,207,209,211,216,218,222,226,224,224,218,211,205,199,195,191,189,187,185,185,185,182,180,178,176,174,170,164,153,141,141,141,153,166,170,176,182,189,199,209,205,201,193,182,176,170,164,155,153,151,153,155,160,166,166,168,172,176,178,182,182,185,185,185,185,187,182,180,178,178,176,174,172,170,170,168,170,172,174,176,174,174,176,176,178,178,178,180,178,176,174,170,158,145,0,0,0,0,0,135,139,143,141,139,0,0,0,0,0,0,0,0,0,0,0,0,0,0,0,0,0,0,0,0,0,0,0,0,0,0,0,0,0,0,0,0,0,0,0,0,0,0,0,0,0,0,0,0,0,0,0,0,0,0,0,0,0,0,0,0,0,0,0,0,0,0,0,0,0,0,0,0,0,0,0,0,0,0,0,0,0,0,0,0,0,0,0,0,0,0,0,0,0,0,0,0,0,0,0,0,0,0,0,0,0,0,0,0,0,0,0,0,0,0,0,0,0,0,0,0,0,0,0,0,0,0,0,0,0,0,0,0,0,0,0,0,0,0,0,0,0,0,0,0,0,0,0,0
0,0,0,0,0,0,0,0,0,0,0,0,0,0,0,0,0,0,0,0,0,0,0,0,0,0,0,0,0,0,0,0,0,0,0,0,0,0,0,0,0,0,0,0,0,0,0,0,0,0,0,0,0,0,0,0,0,0,0,0,0,0,0,0,0,0,0,0,0,0,0,0,0,0,0,0,0,0,0,0,0,0,0,0,0,0,0,0,0,0,0,0,0,0,0,0,0,0,0,0,0,0,0,0,0,0,0,0,0,0,0,131,149,166,172,180,180,182,185,189,191,193,195,199,201,203,207,211,216,220,222,224,220,216,209,205,201,197,195,191,189,189,185,182,180,180,178,176,170,166,153,143,139,135,147,160,168,174,180,185,197,209,207,207,197,187,180,176,170,166,162,158,155,155,160,162,162,164,168,172,176,180,180,182,180,180,180,182,180,178,176,176,174,172,170,166,164,162,164,164,166,170,168,168,170,172,172,174,176,178,176,174,168,162,147,131,0,0,0,0,0,0,0,0,0,0,0,0,0,0,0,0,0,0,0,0,0,0,0,0,0,0,0,0,0,0,0,0,0,0,0,0,0,0,0,0,0,0,0,0,0,0,0,0,0,0,0,0,0,0,0,0,0,0,0,0,0,0,0,0,0,0,0,0,0,0,0,0,0,0,0,0,0,0,0,0,0,0,0,0,0,0,0,0,0,0,0,0,0,0,0,0,0,0,0,0,0,0,0,0,0,0,0,0,0,0,0,0,0,0,0,0,0,0,0,0,0,0,0,0,0,0,0,0,0,0,0,0,0,0,0,0,0,0,0,0,0,0,0,0,0,0,0,0,0,0,0,0,0,0
0,0,0,0,0,0,0,0,0,0,0,0,0,0,0,0,0,0,0,0,0,0,0,0,0,0,0,0,0,0,0,0,0,0,0,0,0,0,0,0,0,0,0,0,0,0,0,0,0,0,0,0,0,0,0,0,0,0,0,0,0,0,0,0,0,0,0,0,0,0,0,0,0,0,0,0,0,0,0,0,0,0,0,0,0,0,0,0,0,0,0,0,0,0,0,0,0,0,0,0,0,0,0,0,0,0,0,0,0,0,0,0,0,143,155,170,176,180,182,185,185,187,191,193,193,195,199,203,207,211,216,220,218,216,211,207,205,201,197,195,193,191,187,185,182,180,178,176,172,168,158,147,143,139,149,160,168,176,180,187,197,207,207,207,199,191,185,178,174,172,168,166,162,160,160,160,158,155,162,168,172,176,178,180,180,178,178,178,176,174,170,168,164,158,153,147,145,143,143,145,145,147,145,145,147,149,153,158,160,162,155,149,139,0,0,0,0,0,0,0,0,0,0,0,0,0,0,0,0,0,0,0,0,0,0,0,0,0,0,0,0,0,0,0,0,0,0,0,0,0,0,0,0,0,0,0,0,0,0,0,0,0,0,0,0,0,0,0,0,0,0,0,0,0,0,0,0,0,0,0,0,0,0,0,0,0,0,0,0,0,0,0,0,0,0,0,0,0,0,0,0,0,0,0,0,0,0,0,0,0,0,0,0,0,0,0,0,0,0,0,0,0,0,0,0,0,0,0,0,0,0,0,0,0,0,0,0,0,0,0,0,0,0,0,0,0,0,0,0,0,0,0,0,0,0,0,0,0,0,0,0,0,0,0,0,0,0,0,0,0
0,0,0,0,0,0,0,0,0,0,0,0,0,0,0,0,0,0,0,0,0,0,0,0,0,0,0,0,0,0,0,0,0,0,0,0,0,0,0,0,0,0,0,0,0,0,0,0,0,0,0,0,0,0,0,0,0,0,0,0,0,0,0,0,0,0,0,0,0,0,0,0,0,0,0,0,0,0,0,0,0,0,0,0,0,0,0,0,0,0,0,0,0,0,0,0,0,0,0,0,0,0,0,0,0,0,0,0,0,0,0,0,0,0,141,162,170,178,178,180,180,182,185,187,187,189,193,197,201,205,209,216,216,218,214,211,209,205,201,199,195,193,189,185,185,182,180,176,172,170,162,153,149,143,151,162,170,178,182,187,197,207,209,209,201,195,189,182,180,178,176,174,170,166,160,155,151,149,155,162,166,172,174,178,178,178,176,174,172,170,166,162,151,143,137,131,129,0,0,0,0,0,0,0,0,0,135,143,143,145,135,0,0,0,0,0,0,0,0,0,0,0,0,0,0,0,0,0,0,0,0,0,0,0,0,0,0,0,0,0,0,0,0,0,0,0,0,0,0,0,0,0,0,0,0,0,0,0,0,0,0,0,0,0,0,0,0,0,0,0,0,0,0,0,0,0,0,0,0,0,0,0,0,0,0,0,0,0,0,0,0,0,0,0,0,0,0,0,0,0,0,0,0,0,0,0,0,0,0,0,0,0,0,0,0,0,0,0,0,0,0,0,0,0,0,0,0,0,0,0,0,0,0,0,0,0,0,0,0,0,0,0,0,0,0,0,0,0,0,0,0,0,0,0,0,0,0,0,0,0,0,0,0,0,0,0,0,0,0,0
0,0,0,0,0,0,0,0,0,0,0,0,0,0,0,0,0,0,0,0,0,0,0,0,0,0,0,0,0,0,0,0,0,0,0,0,0,0,0,0,0,0,0,0,0,0,0,0,0,0,0,0,0,0,0,0,0,0,0,0,0,0,0,0,0,0,0,0,0,0,0,0,0,0,0,0,0,0,0,0,0,0,0,0,0,0,0,0,0,0,0,0,0,0,0,0,0,0,0,0,0,0,0,0,0,0,0,0,0,0,0,0,0,0,0,0,145,162,168,176,180,182,182,182,182,185,187,191,195,197,201,205,207,209,209,209,207,207,203,201,197,195,191,189,187,185,180,176,174,170,164,158,155,153,160,168,174,182,187,193,201,209,207,207,201,197,191,187,182,180,178,176,172,170,164,155,149,143,147,151,155,160,164,168,168,168,166,162,158,151,147,141,135,129,0,0,0,0,0,0,0,0,0,0,0,0,0,0,0,0,0,0,0,0,0,0,0,0,0,0,0,0,0,0,0,0,0,0,0,0,0,0,0,0,0,0,0,0,0,0,0,0,0,0,0,0,0,0,0,0,0,0,0,0,0,0,0,0,0,0,0,0,0,0,0,0,0,0,0,0,0,0,0,0,0,0,0,0,0,0,0,0,0,0,0,0,0,0,0,0,0,0,0,0,0,0,0,0,0,0,0,0,0,0,0,0,0,0,0,0,0,0,0,0,0,0,0,0,0,0,0,0,0,0,0,0,0,0,0,0,0,0,0,0,0,0,0,0,0,0,0,0,0,0,0,0,0,0,0,0,0,0,0,0,0,0,0,0,0,0,0,0,0,0,0,0,0,0,0,0
0,0,0,0,0,0,0,0,0,0,0,0,0,0,0,0,0,0,0,0,0,0,0,0,0,0,0,0,0,0,0,0,0,0,0,0,0,0,0,0,0,0,0,0,0,0,0,0,0,0,0,0,0,0,0,0,0,0,0,0,0,0,0,0,0,0,0,0,0,0,0,0,0,0,0,0,0,0,0,0,0,0,0,0,0,0,0,0,0,0,0,0,0,0,0,0,0,0,0,0,0,0,0,0,0,0,0,0,0,0,0,0,0,0,0,0,0,143,158,174,178,182,182,180,180,180,182,187,189,191,193,195,199,203,205,207,207,207,205,203,201,197,195,193,189,185,180,178,174,170,166,162,162,164,170,176,180,187,193,201,205,211,207,205,201,199,195,191,187,182,180,180,176,174,166,158,147,137,139,141,145,149,153,155,158,158,153,149,143,135,129,0,0,0,0,0,0,0,0,0,0,0,0,0,0,0,0,0,0,0,0,0,0,0,0,0,0,0,0,0,0,0,0,0,0,0,0,0,0,0,0,0,0,0,0,0,0,0,0,0,0,0,0,0,0,0,0,0,0,0,0,0,0,0,0,0,0,0,0,0,0,0,0,0,0,0,0,0,0,0,0,0,0,0,0,0,0,0,0,0,0,0,0,0,0,0,0,0,0,0,0,0,0,0,0,0,0,0,0,0,0,0,0,0,0,0,0,0,0,0,0,0,0,0,0,0,0,0,0,0,0,0,0,0,0,0,0,0,0,0,0,0,0,0,0,0,0,0,0,0,0,0,0,0,0,0,0,0,0,0,0,0,0,0,0,0,0,0,0,0,0,0,0,0,0,0,0,0,0,0
0,0,0,0,0,0,0,0,0,0,0,0,0,0,0,0,0,0,0,0,0,0,0,0,0,0,0,0,0,0,0,0,0,0,0,0,0,0,0,0,0,0,0,0,0,0,0,0,0,0,0,0,0,0,0,0,0,0,0,0,0,0,0,0,0,0,0,0,0,0,0,0,0,0,0,0,0,0,0,0,0,0,0,0,0,0,0,0,0,0,0,0,0,0,0,0,0,0,0,0,0,0,0,0,0,0,0,0,0,0,0,0,0,0,0,0,0,0,0,137,149,162,168,174,178,182,185,187,187,187,189,189,191,193,195,199,199,201,199,199,197,195,193,191,187,185,180,176,172,168,164,162,164,166,172,178,182,187,193,197,199,203,199,197,193,191,189,187,182,180,180,178,176,174,166,160,147,137,133,129,129,129,131,135,137,139,137,133,129,0,0,0,0,0,0,0,0,0,0,0,0,0,0,0,0,0,0,0,0,0,0,0,0,0,0,0,0,0,0,0,0,0,0,0,0,0,0,0,0,0,0,0,0,0,0,0,0,0,0,0,0,0,0,0,0,0,0,0,0,0,0,0,0,0,0,0,0,0,0,0,0,0,0,0,0,0,0,0,0,0,0,0,0,0,0,0,0,0,0,0,0,0,0,0,0,0,0,0,0,0,0,0,0,0,0,0,0,0,0,0,0,0,0,0,0,0,0,0,0,0,0,0,0,0,0,0,0,0,0,0,0,0,0,0,0,0,0,0,0,0,0,0,0,0,0,0,0,0,0,0,0,0,0,0,0,0,0,0,0,0,0,0,0,0,0,0,0,0,0,0,0,0,0,0,0,0,0,0,0,0
0,0,0,0,0,0,0,0,0,0,0,0,0,0,0,0,0,0,0,0,0,0,0,0,0,0,0,0,0,0,0,0,0,0,0,0,0,0,0,0,0,0,0,0,0,0,0,0,0,0,0,0,0,0,0,0,0,0,0,0,0,0,0,0,0,0,0,0,0,0,0,0,0,0,0,0,0,0,0,0,0,0,0,0,0,0,0,0,0,0,0,0,0,0,0,0,0,0,0,0,0,0,0,0,0,0,0,0,0,0,0,0,0,0,0,0,0,0,0,0,0,141,153,166,174,185,185,187,187,185,185,185,185,185,187,191,193,195,193,193,193,193,191,189,185,182,178,176,170,166,164,162,166,170,176,182,187,189,191,193,193,195,191,189,185,182,182,180,180,180,178,178,176,174,168,162,149,139,0,0,0,0,0,0,0,0,0,0,0,0,0,0,0,0,0,0,0,0,0,0,0,0,0,0,0,0,0,0,0,0,0,0,0,0,0,0,0,0,0,0,0,0,0,0,0,0,0,0,0,0,0,0,0,0,0,0,0,0,0,0,0,0,0,0,0,0,0,0,0,0,0,0,0,0,0,0,0,0,0,0,0,0,0,0,0,0,0,0,0,0,0,0,0,0,0,0,0,0,0,0,0,0,0,0,0,0,0,0,0,0,0,0,0,0,0,0,0,0,0,0,0,0,0,0,0,0,0,0,0,0,0,0,0,0,0,0,0,0,0,0,0,0,0,0,0,0,0,0,0,0,0,0,0,0,0,0,0,0,0,0,0,0,0,0,0,0,0,0,0,0,0,0,0,0,0,0,0,0,0,0,0,0,0,0,0,0,0,0,0,0
0,0,0,0,0,0,0,0,0,0,0,0,0,0,0,0,0,0,0,0,0,0,0,0,0,0,0,0,0,0,0,0,0,0,0,0,0,0,0,0,0,0,0,0,0,0,0,0,0,0,0,0,0,0,0,0,0,0,0,0,0,0,0,0,0,0,0,0,0,0,0,0,0,0,0,0,0,0,0,0,0,0,0,0,0,0,0,0,0,0,0,0,0,0,0,0,0,0,0,0,0,0,0,0,0,0,0,0,0,0,0,0,0,0,0,0,0,0,0,0,0,0,0,0,137,151,160,170,174,178,180,185,185,185,187,189,189,191,191,191,191,191,189,189,185,182,178,172,166,160,160,160,164,170,176,180,185,187,187,189,189,189,187,185,185,182,180,180,180,178,178,178,176,174,168,162,151,141,0,0,0,0,0,0,0,0,0,0,0,0,0,0,0,0,0,0,0,0,0,0,0,0,0,0,0,0,0,0,0,0,0,0,0,0,0,0,0,0,0,0,0,0,0,0,0,0,0,0,0,0,0,0,0,0,0,0,0,0,0,0,0,0,0,0,0,0,0,0,0,0,0,0,0,0,0,0,0,0,0,0,0,0,0,0,0,0,0,0,0,0,0,0,0,0,0,0,0,0,0,0,0,0,0,0,0,0,0,0,0,0,0,0,0,0,0,0,0,0,0,0,0,0,0,0,0,0,0,0,0,0,0,0,0,0,0,0,0,0,0,0,0,0,0,0,0,0,0,0,0,0,0,0,0,0,0,0,0,0,0,0,0,0,0,0,0,0,0,0,0,0,0,0,0,0,0,0,0,0,0,0,0,0,0,0,0,0,0,0,0,0
0,0,0,0,0,0,0,0,0,0,0,0,0,0,0,0,0,0,0,0,0,0,0,0,0,0,0,0,0,0,0,0,0,0,0,0,0,0,0,0,0,0,0,0,0,0,0,0,0,0,0,0,0,0,0,0,0,0,0,0,0,0,0,0,0,0,0,0,0,0,0,0,0,0,0,0,0,0,0,0,0,0,0,0,0,0,0,0,0,0,0,0,0,0,0,0,0,0,0,0,0,0,0,0,0,0,0,0,0,0,0,0,0,0,0,0,0,0,0,0,0,0,0,0,0,0,0,151,162,172,178,185,185,187,187,187,187,187,187,189,189,191,189,189,185,182,176,170,164,155,155,158,164,170,174,180,182,185,185,185,185,185,182,182,182,182,180,180,180,178,178,176,176,174,168,164,153,143,0,0,0,0,0,0,0,0,0,0,0,0,0,0,0,0,0,0,0,0,0,0,0,0,0,0,0,0,0,0,0,0,0,0,0,0,0,0,0,0,0,0,0,0,0,0,0,0,0,0,0,0,0,0,0,0,0,0,0,0,0,0,0,0,0,0,0,0,0,0,0,0,0,0,0,0,0,0,0,0,0,0,0,0,0,0,0,0,0,0,0,0,0,0,0,0,0,0,0,0,0,0,0,0,0,0,0,0,0,0,0,0,0,0,0,0,0,0,0,0,0,0,0,0,0,0,0,0,0,0,0,0,0,0,0,0,0,0,0,0,0,0,0,0,0,0,0,0,0,0,0,0,0,0,0,0,0,0,0,0,0,0,0,0,0,0,0,0,0,0,0,0,0,0,0,0,0,0,0,0,0,0,0,0,0,0,0,0,0,0,0,0
0,0,0,0,0,0,0,0,0,0,0,0,0,0,0,0,0,0,0,0,0,0,0,0,0,0,0,0,0,0,0,0,0,0,0,0,0,0,0,0,0,0,0,0,0,0,0,0,0,0,0,0,0,0,0,0,0,0,0,0,0,0,0,0,0,0,0,0,0,0,0,0,0,0,0,0,0,0,0,0,0,0,0,0,0,0,0,0,0,0,0,0,0,0,0,0,0,0,0,0,0,0,0,0,0,0,0,0,0,0,0,0,0,0,0,0,0,0,0,0,0,0,0,0,0,0,0,0,0,0,143,155,160,166,170,174,178,180,180,182,182,185,182,182,178,174,168,162,155,149,151,151,158,166,170,174,178,182,182,182,182,182,182,180,180,178,176,176,172,168,166,164,162,160,155,151,141,0,0,0,0,0,0,0,0,0,0,0,0,0,0,0,0,0,0,0,0,0,0,0,0,0,0,0,0,0,0,0,0,0,0,0,0,0,0,0,0,0,0,0,0,0,0,0,0,0,0,0,0,0,0,0,0,0,0,0,0,0,0,0,0,0,0,0,0,0,0,0,0,0,0,0,0,0,0,0,0,0,0,0,0,0,0,0,0,0,0,0,0,0,0,0,0,0,0,0,0,0,0,0,0,0,0,0,0,0,0,0,0,0,0,0,0,0,0,0,0,0,0,0,0,0,0,0,0,0,0,0,0,0,0,0,0,0,0,0,0,0,0,0,0,0,0,0,0,0,0,0,0,0,0,0,0,0,0,0,0,0,0,0,0,0,0,0,0,0,0,0,0,0,0,0,0,0,0,0,0,0,0,0,0,0,0,0,0,0,0,0,0,0
0,0,0,0,0,0,0,0,0,0,0,0,0,0,0,0,0,0,0,0,0,0,0,0,0,0,0,0,0,0,0,0,0,0,0,0,0,0,0,0,0,0,0,0,0,0,0,0,0,0,0,0,0,0,0,0,0,0,0,0,0,0,0,0,0,0,0,0,0,0,0,0,0,0,0,0,0,0,0,0,0,0,0,0,0,0,0,0,0,0,0,0,0,0,0,0,0,0,0,0,0,0,0,0,0,0,0,0,0,0,0,0,0,0,0,0,0,0,0,0,0,0,0,0,0,0,0,0,0,0,0,0,137,147,155,164,170,174,176,176,176,178,178,178,172,166,160,153,147,143,145,147,153,160,166,170,174,178,180,182,182,182,180,178,178,176,174,170,164,158,155,151,149,147,143,139,0,0,0,0,0,0,0,0,0,0,0,0,0,0,0,0,0,0,0,0,0,0,0,0,0,0,0,0,0,0,0,0,0,0,0,0,0,0,0,0,0,0,0,0,0,0,0,0,0,0,0,0,0,0,0,0,0,0,0,0,0,0,0,0,0,0,0,0,0,0,0,0,0,0,0,0,0,0,0,0,0,0,0,0,0,0,0,0,0,0,0,0,0,0,0,0,0,0,0,0,0,0,0,0,0,0,0,0,0,0,0,0,0,0,0,0,0,0,0,0,0,0,0,0,0,0,0,0,0,0,0,0,0,0,0,0,0,0,0,0,0,0,0,0,0,0,0,0,0,0,0,0,0,0,0,0,0,0,0,0,0,0,0,0,0,0,0,0,0,0,0,0,0,0,0,0,0,0,0,0,0,0,0,0,0,0,0,0,0,0,0,0,0,0
0,0,0,0,0,0,0,0,0,0,0,0,0,0,0,0,0,0,0,0,0,0,0,0,0,0,0,0,0,0,0,0,0,0,0,0,0,0,0,0,0,0,0,0,0,0,0,0,0,0,0,0,0,0,0,0,0,0,0,0,0,0,0,0,0,0,0,0,0,0,0,0,0,0,0,0,0,0,0,0,0,0,0,0,0,0,0,0,0,0,0,0,0,0,0,0,0,0,0,0,0,0,0,0,0,0,0,0,0,0,0,0,0,0,0,0,0,0,0,0,0,0,0,0,0,0,0,0,0,0,0,0,0,0,0,0,0,0,0,141,143,143,145,145,141,137,0,0,0,0,0,0,137,143,149,155,158,160,158,155,151,149,147,143,141,139,0,0,0,0,0,0,0,0,0,0,0,0,0,0,0,0,0,0,0,0,0,0,0,0,0,0,0,0,0,0,0,0,0,0,0,0,0,0,0,0,0,0,0,0,0,0,0,0,0,0,0,0,0,0,0,0,0,0,0,0,0,0,0,0,0,0,0,0,0,0,0,0,0,0,0,0,0,0,0,0,0,0,0,0,0,0,0,0,0,0,0,0,0,0,0,0,0,0,0,0,0,0,0,0,0,0,0,0,0,0,0,0,0,0,0,0,0,0,0,0,0,0,0,0,0,0,0,0,0,0,0,0,0,0,0,0,0,0,0,0,0,0,0,0,0,0,0,0,0,0,0,0,0,0,0,0,0,0,0,0,0,0,0,0,0,0,0,0,0,0,0,0,0,0,0,0,0,0,0,0,0,0,0,0,0,0,0,0,0,0,0,0,0,0,0,0,0,0,0,0,0,0,0,0
0,0,0,0,0,0,0,0,0,0,0,0,0,0,0,0,0,0,0,0,0,0,0,0,0,0,0,0,0,0,0,0,0,0,0,0,0,0,0,0,0,0,0,0,0,0,0,0,0,0,0,0,0,0,0,0,0,0,0,0,0,0,0,0,0,0,0,0,0,0,0,0,0,0,0,0,0,0,0,0,0,0,0,0,0,0,0,0,0,0,0,0,0,0,0,0,0,0,0,0,0,0,0,0,0,0,0,0,0,0,0,0,0,0,0,0,0,0,0,0,0,0,0,0,0,0,0,0,0,0,0,0,0,0,0,0,0,0,0,0,0,0,0,0,0,0,0,0,0,0,0,0,0,0,0,141,141,141,0,0,0,0,0,0,0,0,0,0,0,0,0,0,0,0,0,0,0,0,0,0,0,0,0,0,0,0,0,0,0,0,0,0,0,0,0,0,0,0,0,0,0,0,0,0,0,0,0,0,0,0,0,0,0,0,0,0,0,0,0,0,0,0,0,0,0,0,0,0,0,0,0,0,0,0,0,0,0,0,0,0,0,0,0,0,0,0,0,0,0,0,0,0,0,0,0,0,0,0,0,0,0,0,0,0,0,0,0,0,0,0,0,0,0,0,0,0,0,0,0,0,0,0,0,0,0,0,0,0,0,0,0,0,0,0,0,0,0,0,0,0,0,0,0,0,0,0,0,0,0,0,0,0,0,0,0,0,0,0,0,0,0,0,0,0,0,0,0,0,0,0,0,0,0,0,0,0,0,0,0,0,0,0,0,0,0,0,0,0,0,0,0,0,0,0,0,0,0,0,0,0,0,0,0,0,0,0,0,0,0,0
0,0,0,0,0,0,0,0,0,0,0,0,0,0,0,0,0,0,0,0,0,0,0,0,0,0,0,0,0,0,0,0,0,0,0,0,0,0,0,0,0,0,0,0,0,0,0,0,0,0,0,0,0,0,0,0,0,0,0,0,0,0,0,0,0,0,0,0,0,0,0,0,0,0,0,0,0,0,0,0,0,0,0,0,0,0,0,0,0,0,0,0,0,0,0,0,0,0,0,0,0,0,0,0,0,0,0,0,0,0,0,0,0,0,0,0,0,0,0,0,0,0,0,0,0,0,0,0,0,0,0,0,0,0,0,0,0,0,0,0,0,0,0,0,0,0,0,0,0,0,0,0,0,0,0,0,0,0,0,0,0,0,0,0,0,0,0,0,0,0,0,0,0,0,0,0,0,0,0,0,0,0,0,0,0,0,0,0,0,0,0,0,0,0,0,0,0,0,0,0,0,0,0,0,0,0,0,0,0,0,0,0,0,0,0,0,0,0,0,0,0,0,0,0,0,0,0,0,0,0,0,0,0,0,0,0,0,0,0,0,0,0,0,0,0,0,0,0,0,0,0,0,0,0,0,0,0,0,0,0,0,0,0,0,0,0,0,0,0,0,0,0,0,0,0,0,0,0,0,0,0,0,0,0,0,0,0,0,0,0,0,0,0,0,0,0,0,0,0,0,0,0,0,0,0,0,0,0,0,0,0,0,0,0,0,0,0,0,0,0,0,0,0,0,0,0,0,0,0,0,0,0,0,0,0,0,0,0,0,0,0,0,0,0,0,0,0,0,0,0,0,0,0,0,0,0,0,0,0,0,0,0,0,0,0,0,0,0,0,0
0,0,0,0,0,0,0,0,0,0,0,0,0,0,0,0,0,0,0,0,0,0,0,0,0,0,0,0,0,0,0,0,0,0,0,0,0,0,0,0,0,0,0,0,0,0,0,0,0,0,0,0,0,0,0,0,0,0,0,0,0,0,0,0,0,0,0,0,0,0,0,0,0,0,0,0,0,0,0,0,0,0,0,0,0,0,0,0,0,0,0,0,0,0,0,0,0,0,0,0,0,0,0,0,0,0,0,0,0,0,0,0,0,0,0,0,0,0,0,0,0,0,0,0,0,0,0,0,0,0,0,0,0,0,0,0,0,0,0,0,0,0,0,0,0,0,0,0,0,0,0,0,0,0,0,0,0,0,0,0,0,0,0,0,0,0,0,0,0,0,0,0,0,0,0,0,0,0,0,0,0,0,0,0,0,0,0,0,0,0,0,0,0,0,0,0,0,0,0,0,0,0,0,0,0,0,0,0,0,0,0,0,0,0,0,0,0,0,0,0,0,0,0,0,0,0,0,0,0,0,0,0,0,0,0,0,0,0,0,0,0,0,0,0,0,0,0,0,0,0,0,0,0,0,0,0,0,0,0,0,0,0,0,0,0,0,0,0,0,0,0,0,0,0,0,0,0,0,0,0,0,0,0,0,0,0,0,0,0,0,0,0,0,0,0,0,0,0,0,0,0,0,0,0,0,0,0,0,0,0,0,0,0,0,0,0,0,0,0,0,0,0,0,0,0,0,0,0,0,0,0,0,0,0,0,0,0,0,0,0,0,0,0,0,0,0,0,0,0,0,0,0,0,0,0,0,0,0,0,0,0,0,0,0,0,0,0,0,0,0
0,0,0,0,0,0,0,0,0,0,0,0,0,0,0,0,0,0,0,0,0,0,0,0,0,0,0,0,0,0,0,0,0,0,0,0,0,0,0,0,0,0,0,0,0,0,0,0,0,0,0,0,0,0,0,0,0,0,0,0,0,0,0,0,0,0,0,0,0,0,0,0,0,0,0,0,0,0,0,0,0,0,0,0,0,0,0,0,0,0,0,0,0,0,0,0,0,0,0,0,0,0,0,0,0,0,0,0,0,0,0,0,0,0,0,0,0,0,0,0,0,0,0,0,0,0,0,0,0,0,0,0,0,0,0,0,0,0,0,0,0,0,0,0,0,0,0,0,0,0,0,0,0,0,0,0,0,0,0,0,0,0,0,0,0,0,0,0,0,0,0,0,0,0,0,0,0,0,0,0,0,0,0,0,0,0,0,0,0,0,0,0,0,0,0,0,0,0,0,0,0,0,0,0,0,0,0,0,0,0,0,0,0,0,0,0,0,0,0,0,0,0,0,0,0,0,0,0,0,0,0,0,0,0,0,0,0,0,0,0,0,0,0,0,0,0,0,0,0,0,0,0,0,0,0,0,0,0,0,0,0,0,0,0,0,0,0,0,0,0,0,0,0,0,0,0,0,0,0,0,0,0,0,0,0,0,0,0,0,0,0,0,0,0,0,0,0,0,0,0,0,0,0,0,0,0,0,0,0,0,0,0,0,0,0,0,0,0,0,0,0,0,0,0,0,0,0,0,0,0,0,0,0,0,0,0,0,0,0,0,0,0,0,0,0,0,0,0,0,0,0,0,0,0,0,0,0,0,0,0,0,0,0,0,0,0,0,0,0,0
0,0,0,0,0,0,0,0,0,0,0,0,0,0,0,0,0,0,0,0,0,0,0,0,0,0,0,0,0,0,0,0,0,0,0,0,0,0,0,0,0,0,0,0,0,0,0,0,0,0,0,0,0,0,0,0,0,0,0,0,0,0,0,0,0,0,0,0,0,0,0,0,0,0,0,0,0,0,0,0,0,0,0,0,0,0,0,0,0,0,0,0,0,0,0,0,0,0,0,0,0,0,0,0,0,0,0,0,0,0,0,0,0,0,0,0,0,0,0,0,0,0,0,0,0,0,0,0,0,0,0,0,0,0,0,0,0,0,0,0,0,0,0,0,0,0,0,0,0,0,0,0,0,0,0,0,0,0,0,0,0,0,0,0,0,0,0,0,0,0,0,0,0,0,0,0,0,0,0,0,0,0,0,0,0,0,0,0,0,0,0,0,0,0,0,0,0,0,0,0,0,0,0,0,0,0,0,0,0,0,0,0,0,0,0,0,0,0,0,0,0,0,0,0,0,0,0,0,0,0,0,0,0,0,0,0,0,0,0,0,0,0,0,0,0,0,0,0,0,0,0,0,0,0,0,0,0,0,0,0,0,0,0,0,0,0,0,0,0,0,0,0,0,0,0,0,0,0,0,0,0,0,0,0,0,0,0,0,0,0,0,0,0,0,0,0,0,0,0,0,0,0,0,0,0,0,0,0,0,0,0,0,0,0,0,0,0,0,0,0,0,0,0,0,0,0,0,0,0,0,0,0,0,0,0,0,0,0,0,0,0,0,0,0,0,0,0,0,0,0,0,0,0,0,0,0,0,0,0,0,0,0,0,0,0,0,0,0,0,0
0,0,0,0,0,0,0,0,0,0,0,0,0,0,0,0,0,0,0,0,0,0,0,0,0,0,0,0,0,0,0,0,0,0,0,0,0,0,0,0,0,0,0,0,0,0,0,0,0,0,0,0,0,0,0,0,0,0,0,0,0,0,0,0,0,0,0,0,0,0,0,0,0,0,0,0,0,0,0,0,0,0,0,0,0,0,0,0,0,0,0,0,0,0,0,0,0,0,0,0,0,0,0,0,0,0,0,0,0,0,0,0,0,0,0,0,0,0,0,0,0,0,0,0,0,0,0,0,0,0,0,0,0,0,0,0,0,0,0,0,0,0,0,0,0,0,0,0,0,0,0,0,0,0,0,0,0,0,0,0,0,0,0,0,0,0,0,0,0,0,0,0,0,0,0,0,0,0,0,0,0,0,0,0,0,0,0,0,0,0,0,0,0,0,0,0,0,0,0,0,0,0,0,0,0,0,0,0,0,0,0,0,0,0,0,0,0,0,0,0,0,0,0,0,0,0,0,0,0,0,0,0,0,0,0,0,0,0,0,0,0,0,0,0,0,0,0,0,0,0,0,0,0,0,0,0,0,0,0,0,0,0,0,0,0,0,0,0,0,0,0,0,0,0,0,0,0,0,0,0,0,0,0,0,0,0,0,0,0,0,0,0,0,0,0,0,0,0,0,0,0,0,0,0,0,0,0,0,0,0,0,0,0,0,0,0,0,0,0,0,0,0,0,0,0,0,0,0,0,0,0,0,0,0,0,0,0,0,0,0,0,0,0,0,0,0,0,0,0,0,0,0,0,0,0,0,0,0,0,0,0,0,0,0,0,0,0,0,0,0
0,0,0,0,0,0,0,0,0,0,0,0,0,0,0,0,0,0,0,0,0,0,0,0,0,0,0,0,0,0,0,0,0,0,0,0,0,0,0,0,0,0,0,0,0,0,0,0,0,0,0,0,0,0,0,0,0,0,0,0,0,0,0,0,0,0,0,0,0,0,0,0,0,0,0,0,0,0,0,0,0,0,0,0,0,0,0,0,0,0,0,0,0,0,0,0,0,0,0,0,0,0,0,0,0,0,0,0,0,0,0,0,0,0,0,0,0,0,0,0,0,0,0,0,0,0,0,0,0,0,0,0,0,0,0,0,0,0,0,0,0,0,0,0,0,0,0,0,0,0,0,0,0,0,0,0,0,0,0,0,0,0,0,0,0,0,0,0,0,0,0,0,0,0,0,0,0,0,0,0,0,0,0,0,0,0,0,0,0,0,0,0,0,0,0,0,0,0,0,0,0,0,0,0,0,0,0,0,0,0,0,0,0,0,0,0,0,0,0,0,0,0,0,0,0,0,0,0,0,0,0,0,0,0,0,0,0,0,0,0,0,0,0,0,0,0,0,0,0,0,0,0,0,0,0,0,0,0,0,0,0,0,0,0,0,0,0,0,0,0,0,0,0,0,0,0,0,0,0,0,0,0,0,0,0,0,0,0,0,0,0,0,0,0,0,0,0,0,0,0,0,0,0,0,0,0,0,0,0,0,0,0,0,0,0,0,0,0,0,0,0,0,0,0,0,0,0,0,0,0,0,0,0,0,0,0,0,0,0,0,0,0,0,0,0,0,0,0,0,0,0,0,0,0,0,0,0,0,0,0,0,0,0,0,0,0,0,0,0,0
0,0,0,0,0,0,0,0,0,0,0,0,0,0,0,0,0,0,0,0,0,0,0,0,0,0,0,0,0,0,0,0,0,0,0,0,0,0,0,0,0,0,0,0,0,0,0,0,0,0,0,0,0,0,0,0,0,0,0,0,0,0,0,0,0,0,0,0,0,0,0,0,0,0,0,0,0,0,0,0,0,0,0,0,0,0,0,0,0,0,0,0,0,0,0,0,0,0,0,0,0,0,0,0,0,0,0,0,0,0,0,0,0,0,0,0,0,0,0,0,0,0,0,0,0,0,0,0,0,0,0,0,0,0,0,0,0,0,0,0,0,0,0,0,0,0,0,0,0,0,0,0,0,0,0,0,0,0,0,0,0,0,0,0,0,0,0,0,0,0,0,0,0,0,0,0,0,0,0,0,0,0,0,0,0,0,0,0,0,0,0,0,0,0,0,0,0,0,0,0,0,0,0,0,0,0,0,0,0,0,0,0,0,0,0,0,0,0,0,0,0,0,0,0,0,0,0,0,0,0,0,0,0,0,0,0,0,0,0,0,0,0,0,0,0,0,0,0,0,0,0,0,0,0,0,0,0,0,0,0,0,0,0,0,0,0,0,0,0,0,0,0,0,0,0,0,0,0,0,0,0,0,0,0,0,0,0,0,0,0,0,0,0,0,0,0,0,0,0,0,0,0,0,0,0,0,0,0,0,0,0,0,0,0,0,0,0,0,0,0,0,0,0,0,0,0,0,0,0,0,0,0,0,0,0,0,0,0,0,0,0,0,0,0,0,0,0,0,0,0,0,0,0,0,0,0,0,0,0,0,0,0,0,0,0,0,0,0,0,0
